# T9      λnpFull/λnpBorn   
0.008000000000000004      1
0.008051268020488646      1
0.008102864592217901      1
0.008154791820709217      1
0.008207051824977317      1
0.008259646737616604      1
0.008312578704888248      1
0.008365849886807707      1
0.008419462457232928      1
0.008473418603953033      1
0.008527720528777573      1
0.00858237044762643      1
0.008637370590620185      1
0.008692723202171184      1
0.008748430541075061      1
0.008804494880602974      1
0.008860918508594346      1
0.008917703727550198      1
0.008974852854727168      1
0.009032368222232008      1
0.009090252177116802      1
0.009148507081474732      1
0.009207135312536424      1
0.009266139262767037      1
0.009325521339963807      1
0.009385283967354384      1
0.009445429583695642      1
0.00950596064337326      1
0.009566879616501855      1
0.009628188989025756      1
0.009689891262820504      1
0.009751988955794879      1
0.009814484601993727      1
0.00987738075170129      1
0.009940679971545333      1
0.010004384844601871      1
0.010068497970500537      1
0.010133021965530727      1
0.01019795946274832      1
0.010263313112083141      1
0.010329085580447102      1
0.010395279551843021      1
0.010461897727474159      1
0.010528942825854438      1
0.0105964175829194      1
0.010664324752137822      1
0.010732667104624095      1
0.010801447429251307      1
0.010870668532765046      1
0.010940333239897931      1
0.01101044439348489      1
0.011081004854579177      1
0.011152017502569098      1
0.011223485235295531      1
0.011295410969170175      1
0.011367797639294559      1
0.011440648199579828      1
0.01151396562286726      1
0.011587752901049603      1
0.011662013045193152      1
0.01173674908566063      1
0.01181196407223485      1
0.011887661074243158      1
0.011963843180682705      1
0.01204051350034648      1
0.01211767516195018      1
0.012195331314259886      1
0.012273485126220549      1
0.012352139787085322      1
0.01243129850654568      1
0.01251096451486244      1
0.01259114106299753      1
0.01267183142274668      1
0.012753038886872937      1
0.012834766769241026      1
0.012917018404952577      1
0.012999797150482245      1
0.013083106383814642      1
0.013166949504582212      1
0.01325132993420395      1
0.013336251116025023      1
0.013421716515457281      1
0.01350772962012069      1
0.013594293939985623      1
0.013681413007516107      1
0.01376909037781398      1
0.013857329628763956      1
0.013946134361179632      1
0.014035508198950422      1
0.014125454789189468      1
0.01421597780238242      1
0.014307080932537257      1
0.014398767897335015      1
0.014491042438281495      1
0.014583908320859955      1
0.014677369334684748      1
0.014771429293656005      1
0.014866092036115225      1
0.014961361425001932      1
0.015057241348011315      1
0.015153735717752852      1
0.01525084847191002      1
0.015348583573400906      1
0.01544694501054001      1
0.01554593679720093      1
0.015645562972980195      1
0.01574582760336209      1
0.015846734779884568      1
0.015948288620306228      1
0.016050493268774318      1
0.01615335289599387      1
0.01625687169939789      1
0.016361053903318643      1
0.016465903759160044      1
0.016571425545571124      1
0.016677623568620677      1
0.016784502161972928      1
0.0168920656870644      1
0.017000318533281898      1
0.017109265118141627      1
0.01721890988746945      1
0.017329257315582308      1
0.017440311905470848      1
0.017552078188983106      1
0.017664560727009497      1
0.017777764109668907      1
0.017891692956496005      1
0.01800635191662979      1
0.018121745669003226      1
0.01823787892253429      1
0.018354756416318035      1
0.018472382919820025      1
0.018590763233070958      1
0.018709902186862533      1
0.018829804642944616      1
0.018950475494223577      1
0.019071919664962012      1
0.01919414211097965      1
0.019317147819855614      1
0.019440941811131936      1
0.01956552913651839      1
0.01969091488009867      1
0.01981710415853781      1
0.019944102121291007      1
0.020071913950813758      1
0.020200544862773343      1
0.020330000106261657      1
0.0204602849640094      1
0.020591404752601697      1
0.020723364822695      1
0.020856170559235453      1
0.020989827381678653      1
0.021124340744210778      1
0.021259716135971208      1
0.021395959081276422      1
0.021533075139845564      1
0.02167106990702721      1
0.021809949014027757      1
0.0219497181281412      1
0.022090382952980384      1
0.022231949228709816      1
0.022374422732279825      1
0.022517809277662348      1
0.022662114716088175      1
0.022807344936285737      1
0.02295350586472138      1
0.02310060346584122      1
0.023248643742314577      1
0.023397632735278857      1
0.02354757652458612      1
0.02369848122905118      1
0.023850353006701273      1
0.024003198055027413      1
0.024157022611237176      1
0.02431183295250938      1
0.024467635396250104      1
0.024624436300350567      1
0.02478224206344654      1
0.024941059125179448      1
0.025100893966459245      1
0.025261753109728707      1
0.025423643119229795      1
0.025586570601271386      1
0.025750542204498912      1
0.025915564620165664      1
0.02608164458240584      1
0.026248788868509402      1
0.026417004299198504      1
0.026586297738906004      1
0.02675667609605544      1
0.026928146323343012      1
0.02710071541802133      1
0.02727439042218483      1
0.027449178423057323      1
0.02762508655328105      1
0.027802121991207834      1
0.027980291961191974      1
0.02815960373388505      1
0.02834006462653269      1
0.028521682003273006      1
0.02870446327543732      1
0.02888841590185241      1
0.029073547389145003      1
0.029259865292048045      1
0.029447377213709002      1
0.029636090806000184      1
0.029826013769830847      1
0.030017153855461644      1
0.03020951886282073      1
0.030403116641822138      1
0.030597955092686095      1
0.030794042166261398      1
0.03099138586434993      1
0.031189994240033048      1
0.0313898753980004      1
0.03159103749488049      1
0.031793488739573626      1
0.0319972373935869      1
0.03220229177137119      1
0.0324086602406607      1
0.03261635122281417      1
0.032825373193158695      1
0.033035734681335485      1
0.033247444271648      1
0.03346051060341226      1
0.03367494237130929      1
0.03389074832574008      1
0.03410793727318253      1
0.034326518076550905      1
0.03454649965555747      1
0.03476789098707648      1
0.03499070110551056      1
0.03521493910315922      1
0.035440614130590124      1
0.03566773539701229      1
0.03589631217065198      1
0.03612635377913098      1
0.036357869609847035      1
0.03659086911035721      1
0.03682536178876309      1
0.03706135721409911      1
0.0372988650167228      1
0.03753789488870785      1
0.03777845658423974      1
0.038020559920013505      1
0.038264214775634645      1
0.03850943109402205      1
0.03875621888181386      1
0.03900458820977577      1
0.039254549213212      1
0.039506112092378975      1
0.03975928711290131      1
0.04001408460619109      1
0.04027051496986917      1
0.040528588668189626      1
0.04078831623246672      1
0.041049708261504635      1
0.04131277542203013      1
0.04157752844912755      1
0.041843978146677195      1
0.04211213538779599      1
0.04238201111528125      1
0.042653616342057304      1
0.04292696215162472      1
0.04320205969851285      1
0.04347892020873472      1
0.04375755498024543      1
0.04403797538340297      1
0.0443201928614323      1
0.04460421893089241      1
0.04489006518214603      1
0.0451777432798329      1
0.04546726496334556      1
0.045758642047308506      1
0.04605188642206027      1
0.046347010054138625      1
0.04664402498676904      1
0.04694294334035585      1
0.04724377731297719      1
0.047546539180882544      1
0.04785124129899376      1
0.04815789610140926      1
0.04846651610191138      1
0.04877711389447718      1
0.04908970215379205      1
0.04940429363576732      1
0.04972090117806053      1
0.05003953770059935      1
0.050360216206108976      1
0.05068294978064239      1
0.051007751594114796      1
0.05133463490084063      1
0.05166361304007482      1
0.05199469943655683      1
0.05232790760105861      1
0.05266325113093603      1
0.05300074371068345      1
0.05334039911249256      1
0.05368223119681404      1
0.054026253912923365      1
0.05437248129948994      1
0.05472092748515001      1
0.05507160668908335      1
0.05542453322159315      1
0.055779721484690445      1
0.05613718597268146      1
0.05649694127275927      1
0.05685900206559898      1
0.057223383125956845      1
0.05759009932327328      1
0.05795916562227935      1
0.05833059708360785      1
0.058704408864407524      1
0.05908061621896179      1
0.05945923449931127      1
0.05984027915587999      1
0.06022376573810624      1
0.06060970989507683      1
0.0609981273761658      1
0.0613890340316771      1
0.061782445813491356      1
0.06217837877571698      1
0.062576849075345      1
0.06297787297290872      1
0.06338146683314703      1
0.06378764712567232      1
0.0641964304256425      1
0.06460783341443746      1
0.06502187288033981      1
0.0654385657192197      1
0.06585792893522478      1
0.06627997964147365      1
0.06670473506075443      1
0.0671322125262275      1
0.06756242948213283      1
0.06799540348450195      1
0.06843115220187408      1
0.06886969341601751      1
0.06931104502265491      1
0.06975522503219375      1
0.07020225157046137      1
0.07065214287944428      1
0.07110491731803306      1
0.07156059336277111      1
0.07201918960860891      1
0.07248072476966265      1
0.072945217679978      1
0.07341268729429877      1
0.07388315268884008      1
0.07435663306206725      1
0.07483314773547885      1
0.07531271615439541      1
0.07579535788875282      1
0.07628109263390088      1
0.07676994021140733      1
0.07726192056986612      1
0.07775705378571214      1
0.07825536006403998      1
0.0787568597394287      1
0.07926157327677151      1
0.07976952127211095      1
0.08028072445347947      1
0.08079520368174503      1
0.08131297995146256      1
0.08183407439173061      1
0.08235850826705371      1
0.08288630297820992      1
0.08341748006312427      1
0.08395206119774772      1
0.08449006819694149      1
0.0850315230153675      1
0.08557644774838409      1
0.08612486463294781      1
0.08667679604852076      1
0.08723226451798399      1
0.08779129270855639      1
0.08835390343271977      1
0.08892011964914985      1
0.08948996446365304      1
0.0900634611301094      1
0.09064063305142148      1
0.0912215037804695      1
0.09180609702107229      1
0.09239443662895468      1
0.09298654661272096      1
0.09358245113483465      1
0.09418217451260441      1
0.09478574121917661      1
0.09539317588453365      1
0.09600450329649933      1
0.09661974840175025      1
0.09723893630683385      1
0.09786209227919299      1
0.09848924174819687      1
0.0991204103061791      1
0.09975562370948164      1
0.10039490787950608      1
0.10103828890377138      1
0.10168579303697843      1
0.10233744670208139      1
0.10299327649136616      1
0.1036533091675352      1
0.10431757166479985      1
0.10498609108997947      1
0.10565889472360747      1
0.10633601002104469      1
0.10701746461359962      1
0.10770328630965625      1
0.10839350309580852      1
0.10908814313800254      1
0.10978723478268598      1
0.11049080655796482      1
0.11119888717476738      1
0.11191150552801622      1
0.11262869069780693      1
0.11335047195059501      1
0.11407687874039013      1
0.11480794070995803      1
0.11554368769203023      1
0.11628414971052127      1
0.11702935698175426      1
0.11777933991569349      1
0.11853412911718562      1
0.1192937553872086      1
0.12005824972412849      1
0.1208276433249644      1
0.1216019675866618      1
0.1223812541073734      1
0.1231655346877488      1
0.12395484133223213      1
0.12474920625036812      1
0.12554866185811633      1
0.12635324077917437      1
0.12716297584630856      1
0.1279779001026943      1
0.12879804680326418      1
0.12962344941606513      1
0.13045414162362412      1
0.13129015732432264      1
0.13213153063378028      1
0.1329782958862464      1
0.13383048763600158      1
0.1346881406587676      1
0.13555128995312654      1
0.13641997074194892      1
0.13729421847383128      1
0.13817406882454242      1
0.13905955769847947      1
0.13995072123013294      1
0.14084759578556139      1
0.14175021796387524      1
0.14265862459873044      1
0.14357285275983167      1
0.14449293975444474      1
0.14541892312891921      1
0.14635084067022053      1
0.14728873040747198      1
0.14823263061350653      1
0.14918257980642893      1
0.1501386167511871      1
0.15110078046115422      1
0.15206911019972086      1
0.15304364548189706      1
0.15402442607592495      1
0.15501149200490147      1
0.15600488354841183      1
0.15700464124417296      1
0.15801080588968783      1
0.15902341854391036      1
0.16004252052892085      1
0.16106815343161218      1
0.16210035910538725      1
0.16313917967186625      1
0.16418465752260605      1
0.16523683532082986      1
0.16629575600316832      1
0.16736146278141148      1
0.16843399914427232      1
0.1695134088591615      1
0.170599735973973      1
0.1716930248188819      1
0.17279332000815345      1
0.17390066644196336      1
0.17501510930823028      1
0.17613669408445992      1
0.1772654665396005      1
0.17840147273591073      1
0.1795447590308394      1
0.1806953720789172      1
0.1818533588336604      1
0.183018766549487      1
0.18419164278364525      1
0.18537203539815394      1
0.1865599925617558      1
0.18775556275188304      1
0.18895879475663566      1
0.19016973767677223      1
0.1913884409277139      1
0.19261495424156044      1
0.19384932766911997      1
0.19509161158195132      1
0.19634185667441967      1
0.19760011396576507      1
0.19886643480218444      1
0.20014087085892726      1
0.20142347414240366      1
0.20271429699230706      1
0.20401339208375      1
0.2053208124294135      1
0.2066366113817105      1
0.20796084263496328      1
0.20929356022759396      1
0.21063481854433025      1
0.2119846723184244      1
0.2133431766338869      1
0.2147103869277343      1
0.21608635899225126      1
0.21747114897726774      1
0.2188648133924498      1
0.2202674091096058      1
0.22167899336500735      1
0.22309962376172482      1
0.22452935827197792      1
0.22596825523950173      1
0.22741637338192708      1
0.2288737717931769      1
0.2303405099458777      1
0.23181664769378654      1
0.23330224527423335      1
0.23479736331057907      1
0.23630206281468996      1
0.23781640518942662      1
0.2393404522311501      1
0.2408742661322437      1
0.24241790948365066      1
0.2439714452774284      1
0.24553493690931938      1
0.2471084481813376      1
0.24869204330437242      1
0.25028578690080894      1
0.2518897440071649      1
0.25350398007674485      1
0.25512856098231074      1
0.25676355301877074      1
0.2584090229058838      1
0.26006503779098256      1
0.26173166525171365      1
0.26340897329879526      1
0.2650970303787921      1
0.26679590537690956      1
0.2685056676198034      1
0.2702263868784096      1
0.27195813337079155      1
0.27370097776500507      1
0.2754549911819824      1
0.2772202451984345      1
0.2789968118497722      1
0.28078476363304483      1
0.2825841735098997      1
0.2843951149095588      1
0.2862176617318156      1
0.2880518883500504      1
0.2898978696142659      1
0.29175568085414083      1
0.2936253978821045      1
0.29550709699643035      1
0.29740085498434954      1
0.2993067491251844      1
0.3012248571935018      1
0.3031552574622876      1
0.3050980287061398      1
0.3070532502044838      1
0.30902100174480746      1
0.31100136362591685      1
0.312994416661213      1
0.31500024218199046      1
0.3170189220407548      1
0.3190505386145641      1
0.3210951748083898      1
0.32315291405850005      1
0.3252238403358647      1
0.32730803814958154      1
0.3294055925503255      1
0.3315165891338186      1
0.3336411140443235      1
0.33577925397815844      1
0.33793109618723527      1
0.3400967284826199      1
0.342276239238116      1
0.3444697173938706      1
0.346677252460004      1
0.34889893452026244      1
0.35113485423569396      1
0.3533851028483482      1
0.35564977218499944      1
0.35792895466089486      1
0.3602227432835242      1
0.36253123165641626      1
0.3648545139829582      1
0.36719268507023994      1
0.36954584033292254      1
0.37191407579713287      1
0.37429748810438085      1
0.3766961745155039      1
0.3791102329146359      1
0.3815397618132013      1
0.3839848603539352      1
0.3864456283149297      1
0.38892216611370445      1
0.39141457481130526      1
0.3939229561164279      1
0.3964474123895686      1
0.398988046647201      1
0.40154496256598005      1
0.4041182644869733      1
0.4067080574199176      1
0.4093144470475054      1
0.41193753972969677      1
0.4145774425080599      1
0.41723426311013895      1
0.41990810995385097      1
0.4225990921519089      1
0.4253073195162748      1
0.4280329025626413      1
0.4307759525149409      1
0.433536581309885      1
0.4363149016015314      1
0.4391110267658826      1
0.4419250709055106      1
0.4447571488542144      1
0.4476073761817057      1
0.45047586919832483      1
0.45336274495978723      1
0.4562681212719607      1
0.4591921166956716      1
0.462134850551544      1
0.4650964429248683      1
0.46807701467050195      1
0.47107668741780095      1
0.4740955835755832      1
0.4771338263371245      1
0.48019153968518424      1
0.48326884839706613      1
0.4863658780497094      1
0.48948275502481325      1
0.49261960651399445      1
0.49577656052397806      1
0.49895374588181984      1
0.5021512922401644      1
0.5053693300825356      1
0.5086079907286613      1
0.5118674063398321      1
0.5151477099242945      1
0.5184490353426793      1
0.5217715173134627      1
0.5251152914184651      1
0.5284804941083832      1
0.531867262708358      1
0.5352757354235793      1
0.5387060513449258      1
0.5421583504546396      1
0.5456327736320394      1
0.5491294626592701      1
0.552648560227087      1
0.5561902099406799      1
0.5597545563255326      1
0.5633417448333216      1
0.5669519218478496      1
0.5705852346910213      1
0.5742418316288537      1
0.5779218618775269      1
0.5816254756094734      1
0.5853528239595066      1
0.5891040590309871      1
0.5928793339020303      1
0.5966788026317534      1
0.6005026202665616      1
0.6043509428464757      1
0.6082239274114988      1
0.612121732008026      1
0.6160445156952927      1
0.6199924385518658      1
0.6239656616821763      1
0.627964347223093      1
0.6319886583505394      1
0.6360387592861529      1
0.640114815303985      1
0.6442169927372463      1
0.6483454589850949      1
0.652500382519466      1
0.6566819328919482      1
0.6608902807407016      1
0.6651255977974218      1
0.669388056894347      1
0.6736778319713114      1
0.677995098082843      1
0.6823400314053072      1
0.6867128092440957      1
0.6911136100408636      1
0.6955426133808084      1
0.7000000000000002      1
0.7006999999999999      0.9998826898507788
0.7056934754498004      0.9998823029015673
0.7107225364527161      0.9998805281354289
0.7157874366059865      0.9998790468071113
0.7208884313140893      0.999878197815093
0.7260257778016191      0.9998764642853307
0.7311997351262584      0.9998754312818222
0.7364105641918409      0.9998735550969501
0.7416585277615079      0.9998719403708302
0.7469438904709589      0.9998703263758865
0.7522669188417955      0.9998687221443124
0.7576278812949618      0.9998667917164126
0.7630270481642794      0.9998651876311039
0.7684646917100794      0.9998638829136899
0.773941086132932      0.9998612958682813
0.7794565075874729      0.9998600441207005
0.7850112341963287      0.9998570015677168
0.7906055460641422      0.9998557402136775
0.7962397252916968      0.999854253012305
0.8019140559901412      0.9998509721867067
0.8076288242953171      0.9998499302781558
0.8133843183821873      0.9998458774307437
0.8191808284793676      0.9998440695258372
0.8250186468837617      0.999842239410925
0.8308980679753012      0.9998375780497285
0.8368193882317895      0.9998368251726394
0.8427829062438525      0.9998323086442733
0.8487889227299953      0.9998295468181417
0.8548377405517662      0.9998278540463641
0.8609296647290292      0.9998214834403504
0.8670650024553449      0.9998210360021008
0.873244063113461      0.9998163018338484
0.8794671582909138      0.9998119760123063
0.8857346017957397      0.9998108538716982
0.8920467096723002      0.9998034233133816
0.898403800217218      0.9998016923806988
0.9048061939954287      0.9997971995283788
0.9112542138563444      0.9997904380620294
0.9177481849501348      0.9997904074150479
0.9242884347441229      0.9997818026560658
0.9308752930392983      0.9997778379576103
0.9375090919869472      0.9997739890778412
0.9441901661054025      0.9997633045186762
0.9509188522969115      0.9997623785869589
0.9576954898646255      0.9997541356981557
0.9645204205297085      0.9997461410192732
0.9713939884485702      0.9997444979161461
0.9783165402302196      0.9997316057740987
0.9852884249537439      0.9997270815344312
0.9923099941859105      0.9997208035830946
0.9993816019988961      0.9997074721790452
1.0065036049881408      0.9997052890622304
1.0136763622903302      0.9996934011979205
1.0209002356015047      0.9996834530941794
1.0281755891952988      0.9996800863081144
1.0355027899413114      0.9996614878721276
1.0428822073236033      0.9996558176313228
1.0503142134593306      0.9996478623089214
1.0577991831175093      0.9996300937214284
1.065337493737912      0.9996237585185693
1.0729295254501032      0.9996091068598648
1.0805756610926054      0.999595441579253
1.0882762862322057      0.9995863155269906
1.0960317891833982      0.9995658467139562
1.1038425610279654      0.9995552339655123
1.1117089956346988      0.9995423493642679
1.1196314896792603      0.9995230459455811
1.1276104426641855      0.9995083669597954
1.1356462569390282      0.9994905431656753
1.1437393377206508      0.9994735004453242
1.1518900931136566      0.9994535294869713
1.16009893413097      0.9994376815447479
1.1683662747145618      0.9994159478116804
1.176692531756323      0.9993892213096833
1.1850781251190872      0.9993782065716689
1.1935234776578025      0.9993489281726818
1.2020290152408548      0.9993153989728563
1.2105951667715429      0.9993089949394105
1.219222364209706      0.9992707818132034
1.2279110425935063      0.9992435739716751
1.2366616400613666      0.999228840918442
1.2454745978740631      0.999179603873758
1.254350360436978      0.9991604873311891
1.2632893753225074      0.9991359279809595
1.2722920932926325      0.999084182034805
1.2813589683216495      0.9990642856013722
1.2904904576190606      0.9990281933925556
1.2996870216526306      0.9989837123475281
1.3089491241716071      0.9989528777155688
1.3182772322301042      0.9989033253673919
1.327671816210655      0.9988683151983976
1.337133349847932      0.9988239220279823
1.3466623102526347      0.998784713611769
1.3562591779355493      0.9987357748203802
1.3659244368317784      0.9986748447437033
1.3756585743251453      0.9986497451826509
1.3854620812727694      0.9985835730407365
1.3953354520298198      0.9985159575045522
1.4052791844744426      0.9984958415552739
1.4152937800328682      0.9984089953042535
1.4253797437046958      0.998353446511274
1.4355375840883584      0.9983204257257853
1.4457678134067702      0.998209000198307
1.456070947533156      0.9981689142276137
1.4664475060170643      0.9981199273627794
1.4768980121105673      0.9980151012759052
1.487422992794645      0.9979595460302202
1.4980229788057609      0.9978871345136889
1.5086985046626236      0.997802081262561
1.519450108693141      0.997722288854466
1.5302783330615666      0.9976364086401537
1.541183723795839      0.9975622919651564
1.552166830815115      0.9974538450850188
1.5632282079575013      0.9973882827116217
1.5743684130079814      0.9972926010113025
1.585588007726544      0.9971506604115928
1.5968875578765092      0.9971105959967075
1.6082676332530588      0.9969895312575273
1.6197288077119683      0.9968526947705694
1.6312716591985452      0.9967981411616387
1.6428967697767718      0.9966457567433566
1.654604725658657      0.9965317948679023
1.6663961172337967      0.9964454785610911
1.6782715390991456      0.9962711140941422
1.6902315900889993      0.9961753862433921
1.7022768733051927      0.9960525939000677
1.7144079961475114      0.995913589349758
1.7266255703443207      0.995780590971174
1.7389302119834134      0.9956160684654572
1.751322541543076      0.9955199514149319
1.763803183923378      0.995344438854669
1.7763727684776829      0.9951845677222413
1.7890319290443841      0.9950864009554502
1.8017813039788673      0.9948628679637228
1.8146215361857005      0.9947454521036456
1.8275532731510535      0.9946106641575511
1.8405771669753466      0.9943393183674536
1.853693874406137      0.9942674446432059
1.8669040568712332      0.9940894445680735
1.8802083805120486      0.993860874954896
1.8936075162171953      0.9937482434434132
1.9071021396563106      0.9935198588037013
1.9206929313141328      0.9933438915349145
1.9343805765248117      0.9931858451905486
1.948165765506469      0.9929556659202138
1.962049193396006      0.9927864904917654
1.9760315602841523      0.9925784650772478
1.990113571250771      0.9924064419864339
2.0042959364004154      0.9921870846786605
2.0185793708981326      0.9919247150454604
2.03296459500553      0.991818120875694
2.0474523341170956      0.9915442577675265
2.0620433187967735      0.9913479537759917
2.0767382848148084      0.9911893709720584
2.0915379731848436      0.9908571016864173
2.10644313020129      0.990747438159917
2.121454507476959      0.9905193697296627
2.1365728619809623      0.9901796377967168
2.151798956076883      0.9901156417578484
2.1671335575612223      0.9898075837730436
2.182577439702111      0.9895587599827774
2.1981313812783077      0.9894531195446336
2.213796166618467      0.9890539647802694
2.22957258564069      0.9889102170712853
2.24546143389236      0.9887608965276691
2.261463512590255      0.9883931427307653
2.2775796286609546      0.9882349301775779
2.293810594781526      0.9880281062470303
2.310157229420507      0.9877370484757958
2.3266203568791775      0.9875343064212886
2.343200807333127      0.9872683489491343
2.3598994168741156      0.9870582593014607
2.3767170275522367      0.9868102106901943
2.3936544874183774      0.9866130559153807
2.410712650566984      0.9863585007303197
2.427892377179129      0.9860648770773032
2.4451945335658873      0.985938918133015
2.462619992212024      0.9856398289091771
2.4801696318199857      0.9854349556851527
2.497844337354214      0.9852477731314271
2.5156450000857706      0.9849053075280804
2.533572517637279      0.9848628866331746
2.5516277940281893      0.9845428793611339
2.5698117397203664      0.9841843246804651
2.588125271663998      0.9842137202114586
2.606569313343836      0.9838263799503285
2.625144794825763      0.9836376211008376
2.6438526528036905      0.9835282002716406
2.662693830646798      0.9831007432571345
2.681669278447098      0.9830873361896634
2.700779953067349      0.982812073638688
2.720026818189306      0.9824600328183432
2.739410844362315      0.9825207745456536
2.7589330090522544      0.9820742315829851
2.7785942966908257      0.9819138838519924
2.798395698725193      0.9818402565425102
2.8183382136679813      0.9813336935312613
2.8384228471476245      0.9813795142993262
2.858650611959076      0.981126890121568
2.8790225281148847      0.9808206885473789
2.899539622896624      0.9808598117739574
2.9202029309066964      0.9804132490013784
2.941013494120509      0.9803233855945857
2.9619723619390084      0.980261571479619
2.983080591241606      0.9798100021420022
3.004339246439468      0.9798463809855605
3.0257493995291886      0.9795809775260116
3.0473121301468535      0.9793545158677675
3.069028525622475      0.9793946456366798
3.090899681034824      0.9789105580665937
3.112926699266655      0.9789246398753344
3.135110691060314      0.9788338194874694
3.157452775073753      0.9784740898322768
3.1799540779369404      0.9785258555299993
3.20261573430867      0.9782057128783932
3.225438886933781      0.9780950819594149
3.2484246867007798      0.9781633884518092
3.271574292699875      0.9776805761088306
3.29488887228143      0.9777353312725781
3.318369601114823      0.9775481373695203
3.3420176632477343      0.9772878777358984
3.3658342511658557      0.9773539054775734
3.389820565853017      0.9769040051871483
3.4139778168517556      0.9769145785437465
3.438307222324302      0.9768616365465762
3.4628100091140093      0.9764846746915756
3.4874874128072224      0.976585400334703
3.5123406777955792      0.9762658092161803
3.537371057338761      0.9761688135689798
3.5625798136276954      0.9762451190775336
3.587968217848197      0.9757588882763157
3.61353755024507      0.9759043785463122
3.6392891001866734      0.975703394599362
3.665224166229928      0.9755063197790755
3.6913440561858075      0.975698702901044
3.717650087185281      0.9752060614436427
3.744143585745732      0.975313141330165
3.770825887837854      0.9752124645414447
3.7976983389530115      0.9749110519353061
3.824762294171093      0.975131260392732
3.8520191182288444      0.9746944509805778
3.879470185588682      0.9746781474523047
3.9071168805080054      0.9746359846089198
3.934960597109002      0.9742235128290366
3.9630027394489415      0.9745120922264056
3.9912447215909865      0.9741559670512865
4.019687967675489      0.9740642608913029
4.04833391199181      0.9741007016661022
4.0771839990506455      0.9737411854150831
4.106239683656867      0.9739851008549235
4.1355024309828785      0.9736972124203024
4.1649737166425105      0.9735397502460821
4.194655026765414      0.9736422693619511
4.2245478580720155      0.973367171494778
4.254653717948981      0.9735514270466014
4.284974124525235      0.9732870800558813
4.315510606748508      0.9730386679951397
4.346264704462441      0.973133948225102
4.377237968484229      0.9729080357520993
4.408431960682832      0.9729663050437282
4.439848254057723      0.9727626410278015
4.471488432818215      0.9726191131268952
4.503354092463348      0.9726017493106027
4.535446839862341      0.9724818347388453
4.5677682933356225      0.9724249751768548
4.600320082736435      0.9723283175587759
4.633103849533021      0.9723013630247713
4.6661212468914055      0.9721582325215659
4.699373939758745      0.9721558294229414
4.732863604947296      0.9720144849889794
4.766591931218965      0.9719381574393365
4.8005606193704695      0.9719865883543669
4.834771382319101      0.9716507289038884
4.8692259451891005      0.9717221170709259
4.903926045398652      0.9715430739166202
4.9388734327474975      0.971438749147027
4.974069869505165      0.971624213993914
5.009517130499836      0.9711361580059366
5.045217003207851      0.9713461903013063
5.081171287843836      0.9711682597498913
5.117381797451484      0.9710483693639227
5.153850357994984      0.971249984003679
5.1905788084510895      0.9708085333267166
5.227569000901862      0.9710549042566909
5.264822800628053      0.970821789448955
5.302342086203171      0.9706383976702677
5.3401287495882155      0.9707691452849521
5.378184696227066      0.9704234143005588
5.416511845142582      0.9706488927163296
5.455112129033369      0.9703797882504465
5.493987494371227      0.9702012886640055
5.533139901499318      0.9703088355756545
5.572571324731014      0.9701251662249083
5.612283752449446      0.9702106112941223
5.65227918720779      0.9700631837402404
5.692559645830226      0.9700112891111561
5.7331271595136535      0.9699259883608671
5.7739837739301185      0.9698630999785575
5.815131549329957      0.9696939005923835
5.856572560645697      0.9696561095357326
5.8983088975966895      0.9696975178192448
5.940342664794475      0.9694211382791967
5.982675981848926      0.9695318041130444
6.025310983475121      0.9691584968673845
6.068249819600989      0.9693044139165597
6.111494655475735      0.9693005553639789
6.155047671779011      0.9690488795552843
6.198911064730887      0.9693469079699518
6.243087046202603      0.9688922964071269
6.287577843828093      0.9690142320621697
6.332385701116325      0.9688884155280821
6.377512877564438      0.9686058150034614
6.422961648771666      0.9688507106250243
6.468734306554101      0.9684811734982866
6.514833159060252      0.9686484255180555
6.561260530887444      0.9684557899514069
6.608018763199036      0.9682454225569319
6.655110213842472      0.9683966498196949
6.702537257468188      0.9682326364416567
6.750302285649351      0.9683042590886064
6.798407707002458      0.968135399049832
6.846855947308796      0.9680788919199795
6.895649449636766      0.9679216271616052
6.944790674465067      0.9679046979313889
6.9942820998067905      0.9676697730197803
7.044126221334354      0.9676965983552708
7.094325552505368      0.9677365535003748
7.144882624689368      0.9674553951692528
7.195799987295467      0.9676653689287278
7.247080207900912      0.9672446914701259
7.2987258723805555      0.9674342880128205
7.350739585037266      0.9673612617465466
7.403123968733229      0.9670793227635671
7.455881665022225      0.9673336723096836
7.509015334282831      0.9668685636059897
7.562527655852569      0.9670586446433821
7.616421328163026      0.9668468256436609
7.670699068875913      0.9666284536135329
7.725363615020112      0.9667871270244728
7.7804177231296965      0.9665576353555694
7.835864169382932      0.9666901714395533
7.891705749742262      0.9665118694042265
7.947945280095321      0.9664676824665706
8.004585596396897      0.9663466580731592
8.061629554811962      0.96628951041526
8.119080031859685      0.9660801804959226
8.176939924558493      0.966073646508775
8.235212150572162      0.9660440096079846
8.293899648356922      0.9658208241631135
8.353005377309655      0.9660203554236952
8.412532317917117      0.9655317965113634
8.472483471906232      0.9657806963516423
8.53286186239546      0.9656315967195305
8.593670534047254      0.9654718445466249
8.654912553221566      0.9656403676881133
8.71659100813049      0.9651600701220803
8.778709008993985      0.9654595520396512
8.841269688196714      0.9651224678093542
8.904276200446002      0.9650077160448398
8.967731722930905      0.9650437714909842
9.031639455482429      0.9648271527098327
9.096002620734895      0.9649248312758029
9.160824464288428      0.9647664244141301
9.226108254872635      0.9647651613443416
9.291857284511439      0.9646079453781271
9.358074868689059      0.9646011320804546
9.424764346517224      0.9643248601952218
9.491929080903537      0.9643605938384101
9.559572458721057      0.9641671592816211
9.627697890979105      0.9640802749063576
9.696308812995234      0.9642611355928359
9.765408684568484      0.963761121661948
9.835000990153844      0.9640794500066749
9.905089239037958      0.9637465742089665
9.975676965516074      0.9637529478975855
10.046767729070304      0.9637424234516813
10.118365114549055      0.9633177543232817
10.190472732347855      0.9636120633885233
10.263094218591386      0.9632517080697431
10.336233235316836      0.9633155749938386
10.40989347065859      0.963142064944597
10.484078639034177      0.9630071908159279
10.558792481331588      0.9629897477856894
10.63403876509792      0.9629172840461365
10.709821284729351      0.9627956962702093
10.786143861662481      0.962723474641103
10.863010344567046      0.9628196584193757
10.940424609539967      0.9623983990253802
11.018390560300825      0.9625429572504102
11.096912128388704      0.962105606057419
11.175993273360445      0.9622238775832057
11.255637982990333      0.9621662806155619
11.335850273471145      0.9618635908755763
11.416634189616705      0.9621811779391543
11.497993805065834      0.9617135397113123
11.579933222487771      0.9619275938289233
11.662456573789076      0.9616524314467548
11.745568020321944      0.96139802639677
11.829271753094087      0.9614809338104761
11.913571992980051      0.9612416496013553
11.998472990934065      0.9612655588727401
12.083979028204396      0.9610919834336199
12.170094416549256      0.9610992096717832
12.256823498454201      0.9608975681892988
12.344170647351119      0.9609644265424491
12.432140267838768      0.9606426396169685
12.520736795904883      0.9607043389499968
12.609964699149875      0.9605051059953197
12.699828477012094      0.9603195964626178
12.79033266099474      0.9604999070286584
12.881481814894354      0.9598927672866897
12.973280535030971      0.9602634023943437
13.065733450479877      0.9598991886142899
13.158845223305066      0.9598535555208034
13.25262054879429      0.9598716781625464
13.347064155695856      0.9595553835908973
13.442180806457067      0.9597117758677661
13.537975297464374      0.9593967131503952
13.63445245928526      0.9594161576245565
13.731617156911797      0.9591769637912225
13.829474290005988      0.959111775901213
13.928028793146838      0.958911648920957
14.027285636079185      0.9589139579432583
14.127249823964295      0.9586263783850104
14.227926397632292      0.9586696396570532
14.329320433836298      0.9587437834136115
14.431437045508465      0.9582988507073336
14.534281382017799      0.9585522873449126
14.637858629429807      0.958005717054283
14.742174010768053      0.9581119779887877
14.847232786277486      0.9579529854717824
14.953040253689718      0.957627583985619
15.059601748490174      0.9578506837732066
15.166922644187133      0.9574840000019605
15.275008352582693      0.9577006346268595
15.383864324045687      0.9573770369674967
15.493496047786499      0.957226637679496
15.603909052133872      0.9571190818643803
15.715108904813695      0.9569998950955426
15.827101213229742      0.9567747875385342
15.93989162474647      0.9567248185296918
16.05348582697375      0.9566307658220928
16.16788954805369      0.9564026663894287
16.2831085569495      0.9566258818099215
16.39914866373637      0.9560345003611902
16.516015719894494      0.9562938501105641
16.63371561860409      0.9559693096800339
16.7522542950426      0.9558087747366937
16.87163772668398      0.9558348927848918
16.9918719336001      0.9553473874020016
17.112962978764337      0.9556508418762246
17.234916968357325      0.9552396483004267
17.357740052074814      0.9552426983385784
17.481438423437815      0.9550812121323164
17.606018320104916      0.9549326327795806
17.7314860241868      0.9548479855519282
17.85784786256308      0.9547155783200352
17.985110207201277      0.9544444349906533
18.11327947547817      0.9543092650201052
18.242362130503395      0.954378583292752
18.37236468144537      0.9539363068694366
18.50329368385949      0.9541390720594513
18.635155740018764      0.9536409743317802
18.76795749924667      0.9537522549119312
18.901705658252506      0.9536419602906107
19.036406961469062      0.953299817752769
19.172068201392715      0.9535044312165476
19.308696218925977      0.952983620153202
19.446297903722417      0.9531761980551392
19.5848801945341      0.9527879652723837
19.72445007956149      0.9525409629504745
19.86501459680583      0.9525412860153981
20.006580834424028      0.9523701817733401
20.14915593108615      0.9522446769122116
20.292747076335303      0.9521429681178795
20.43736151095025      0.9520661792836098
20.583006527310506      0.951762379666264
20.729689469764054      0.9518603862574362
20.87741773499776      0.9512635197644225
21.026198772410265      0.9514306866666477
21.1760400844877      0.9510900809275757
21.32694922718198      0.9509523045138303
21.47893381029184      0.9510055357782695
21.632001497846538      0.9504695741882725
21.786160008492388      0.9508677094819046
21.941417115881904      0.9503742562935231
22.09778064906585      0.9503210191705808
22.25525849288801      0.9500840228743653
22.413858588382794      0.9498177935362906
22.573588933175703      0.9497423064021127
22.73445758188657      0.9495520279775511
22.896472646535756      0.9493507399529258
23.059642296953204      0.9492339180117317
23.223974761190412      0.949326092645461
23.38947832593537      0.9488648625726955
23.55616133693038      0.9489767855351946
23.724032199392923      0.9483871095951919
23.893099378439516      0.9484530707182027
24.06337139951256      0.9482585330235889
24.234856848810253      0.9478763377054904
24.40756437371958      0.9480751238808963
24.581502683252328      0.9475236505274919
24.75668054848428      0.9477684459215339
24.933106802997496      0.9473669113100273
25.11079034332576      0.9471606758529768
25.28974012940324      0.9470756501599039
25.469965185016214      0.9468009438582391
25.651474598258194      0.9466373574257417
25.834277521988156      0.9464328738549795
26.018383174292115      0.9462697607501035
26.20380083894792      0.9460124743919863
26.390539865893476      0.9461016940155317
26.578609671698132      0.9455412096883203
26.76801974003759      0.9457017677728212
26.958779622172106      0.9453160103403457
27.150898937428124      0.9451506416622278
27.34438737368339      0.9450963511785323
27.539254687855397      0.9444730215857434
27.73551070639345      0.9448070558384298
27.933165325774148      0.9442442425885392
28.13222851300046      0.9442491853285091
28.332710306104268      0.9439810419094189
28.534620814652637      0.9437039468853103
28.737970220257516      0.9436633673350481
28.942768777089192      0.9434236052906536
29.14902681239339      0.9431746252771742
29.356754727011992      0.9429601281805949
29.5659629959076      0.9429298412689445
29.77666216869164      0.9424307032520827
29.988862870156417      0.9425115433986961
30.202575800810852      0.9418706929645461
30.417811737420088      0.9420018289843517
30.63458153354889      0.9417654028360837
30.852896120109033      0.9414404183065852
31.07276650591039      0.9415405373990519
31.294203778216158      0.9408989933225145
31.5172191033019      0.9411216391671344
31.74182372701863      0.9405782549020764
31.968028975359953      0.9403447282890152
32.1958462550331      0.9402018029421462
32.42528705403419      0.9399183801790243
32.65636294222751      0.9397711905931007
32.889085571928916      0.9395644375216669
33.12346667849352      0.9393461776595043
33.35951808090732      0.9390730676366631
33.59725168238326      0.9390823717818607
33.83667947096147      0.9384363675548429
34.07781352011377      0.9385088344105943
34.32066598935247      0.9379922923081145
34.565249124843604      0.9378826097165754
34.811575260024355      0.9377690847676841
35.059656816225036      0.9372054787284579
35.30950630329547      0.9374881034793624
35.561136320235775      0.9368941766492613
35.814559555831764      0.9368913987317314
36.069788789294684      0.9364720003566982
36.326836890905696      0.9361044681713987
36.585716822664864      0.9359757810660031
36.846441638944775      0.9356858222192318
37.10902448714881      0.9354255348045273
37.3734786083742      0.9352107407740559
37.63981733807958      0.9351169019606191
37.90805410675759      0.9346808059400494
38.17820244061203      0.9347196724681393
38.45027596223997      0.9339737178410044
38.72428839131876      0.9340373500078181
39.0002535452977      0.9336387729628088
39.27818534009497      0.9332882883750373
39.55809779079924      0.9332901309919256
39.84000501237647      0.9326338573518238
40.12392122038164      0.9328841560832921
40.40986073167564      0.9322846780585266
40.69783796514715      0.932070458590268
40.98786744243975      0.9318201919507835
41.27996378868423      0.9314923656188769
41.57414173323601      0.9312428919374098
41.87041611041804      0.9309445560293399
42.16880186026863      0.9305658195307303
42.46931402929497      0.9303407631205278
42.77196777123183      0.9303466316485516
43.07677834780569      0.9296826475827721
43.38376112950436      0.9297595981712384
43.692931596352075      0.9291479667600357
44.004305338690024      0.9290253430824597
44.31789805796258      0.9287433894388271
44.63372556750903      0.9281517911363805
44.95180379336101      0.92826120349852
45.272148775045615      0.9275978999568485
45.59477666639413      0.9276497234921222
45.919703736356716      0.9271381807287878
46.2469463698227      0.9267696687146568
46.576521068446844      0.9266204068068314
46.908444451481536      0.9262950404366318
47.2427332566147      0.9259314292078965
47.57940434081391      0.9256236557278597
47.91847468117639      0.9253497291421726
48.25996137578513      0.9248828296305974
48.60388164457105      0.9248773780124375
48.950252830181405      0.9240883749167076
49.29909239885423      0.9241517060259574
49.65041794129911      0.9236590823253453
50.004247173584275      0.9233712457692983
50.36059793802988      0.923222246851416
50.71948820410785      0.922477950802894
51.08093606934784      0.922607202123635
51.44495976024997      0.9219332100822014
51.81157763320386      0.9217389405717529
52.18080817541428      0.9213293086613084
52.552670005833384      0.920950463563101
52.927181876099695      0.920667975443965
53.3043626714835      0.9203639716511695
53.68423141183932      0.9199509048159972
54.06680725256493      0.9196370699918237
54.452109485567306      0.919469678696863
54.840157540235545      0.9187560053824986
55.230970984420445      0.9187337537991394
55.62456952542138      0.9179369383658195
56.020973010979986      0.9178601734920564
56.420201430281075      0.9174675026881286
56.82227491496053      0.9169325504239348
57.22721374012062      0.9169368671645798
57.63503832535222      0.9162427472082081
58.04576923576462      0.9162400473021346
58.45942718302248      0.9155531087407554
58.87603302639026      0.9151112190365595
59.29560777378419      0.9147950920169491
59.71817258283143      0.9144003360424479
60.14374876193707      0.9139803524042704
60.57235777135866      0.9136576532153916
61.00402122428833      0.9132725275554707
61.43876088794264      0.9128571101407709
61.876598684660365      0.9127938489450491
62.31755669300776      0.9118682532753172
62.761657148892006      0.9118231206785455
63.20892244668249      0.9111223347467704
63.65937514034003      0.9107914915262479
64.11303794455429      0.9104898165494814
64.56993373588905      0.9097203273314668
65.03008555393588      0.9097967655659035
65.49351660247594      0.9091050553345291
65.96025025064996      0.908959270520929
66.43031003413695      0.9083570580027392
66.90371965634061      0.9078705241655636
67.3805029895849      0.9074368445103888
67.86068407631775      0.9070192966401722
68.34428713032342      0.9064577738034665
68.83133653794347      0.9061092361931922
69.32185685930665      0.9058124934960102
69.81587282956716      0.9051420980960244
70.31340936015204      0.9050968438375394
70.81449154001746      0.9041707015766003
71.31914463691368      0.9040403002659461
71.82739409865937      0.9034269748911898
72.33926555442477      0.902840216796732
72.85478481602406      0.9026192278196843
73.37397787921704      0.9018281812345981
73.89687092501993      0.9017519099950387
74.4234903210256      0.9010348829191887
74.9538626227332      0.9006314248268406
75.48801457488725      0.9001803483562105
76.02597311282622      0.8997262966912931
76.56776536384106      0.8991433511569488
77.11341864854269      0.8986950071322954
77.66296048223998      0.8980831127348662
78.21641857632717      0.8976051002494111
78.77382083968128      0.8973856355506622
79.33519538006938      0.8964587648289608
79.90057050556604      0.8963771087785333
80.46997472598078      0.8955377573201619
81.04343675429568      0.8952321823103938
81.62098550811328      0.8947301595184562
82.20265011111498      0.8938858952821103
82.78845989452928      0.8937339910616956
83.37844439861111      0.8929129951791501
83.97263337413135      0.8926787876116904
84.57105678387707      0.89192932795075
85.17374480416248      0.891402773850225
85.78072782635053      0.890885669844887
86.3920364583855      0.8904241543186211
87.00770152633645      0.889775532270192
87.6277540759516      0.8892987308572503
88.25222537422385      0.8887590066227831
88.88114691096776      0.8880153102221653
89.51455040040695      0.887827895566288
90.15246778277368      0.8866765381454704
90.79493122591943      0.8865481512065314
91.44197312693693      0.8857816419171658
92.0936261137939      0.8852120010440383
92.74992304697835      0.8848267070125202
93.41089702115558      0.8839707233070192
94.07658136683703      0.88370183088847
94.74700965206105      0.8828411840212217
95.42221568408549      0.8823579099585636
96.10223351109285      0.8816498015729457
96.78709742390667      0.8810800413308236
97.47684195772105      0.8803995326806502
98.17150189384203      0.8798942920875454
98.87111226144151      0.8791221944997332
99.57570833932361      0.8786384296397988
100.28532565770364      0.8782068664043838
100.99999999999991      0.8771953442246244