# T9      λpnFull/λpnBorn   
0.008000000000000004      1
0.008051268020488646      1
0.008102864592217901      1
0.008154791820709217      1
0.008207051824977317      1
0.008259646737616604      1
0.008312578704888248      1
0.008365849886807707      1
0.008419462457232928      1
0.008473418603953033      1
0.008527720528777573      1
0.00858237044762643      1
0.008637370590620185      1
0.008692723202171184      1
0.008748430541075061      1
0.008804494880602974      1
0.008860918508594346      1
0.008917703727550198      1
0.008974852854727168      1
0.009032368222232008      1
0.009090252177116802      1
0.009148507081474732      1
0.009207135312536424      1
0.009266139262767037      1
0.009325521339963807      1
0.009385283967354384      1
0.009445429583695642      1
0.00950596064337326      1
0.009566879616501855      1
0.009628188989025756      1
0.009689891262820504      1
0.009751988955794879      1
0.009814484601993727      1
0.00987738075170129      1
0.009940679971545333      1
0.010004384844601871      1
0.010068497970500537      1
0.010133021965530727      1
0.01019795946274832      1
0.010263313112083141      1
0.010329085580447102      1
0.010395279551843021      1
0.010461897727474159      1
0.010528942825854438      1
0.0105964175829194      1
0.010664324752137822      1
0.010732667104624095      1
0.010801447429251307      1
0.010870668532765046      1
0.010940333239897931      1
0.01101044439348489      1
0.011081004854579177      1
0.011152017502569098      1
0.011223485235295531      1
0.011295410969170175      1
0.011367797639294559      1
0.011440648199579828      1
0.01151396562286726      1
0.011587752901049603      1
0.011662013045193152      1
0.01173674908566063      1
0.01181196407223485      1
0.011887661074243158      1
0.011963843180682705      1
0.01204051350034648      1
0.01211767516195018      1
0.012195331314259886      1
0.012273485126220549      1
0.012352139787085322      1
0.01243129850654568      1
0.01251096451486244      1
0.01259114106299753      1
0.01267183142274668      1
0.012753038886872937      1
0.012834766769241026      1
0.012917018404952577      1
0.012999797150482245      1
0.013083106383814642      1
0.013166949504582212      1
0.01325132993420395      1
0.013336251116025023      1
0.013421716515457281      1
0.01350772962012069      1
0.013594293939985623      1
0.013681413007516107      1
0.01376909037781398      1
0.013857329628763956      1
0.013946134361179632      1
0.014035508198950422      1
0.014125454789189468      1
0.01421597780238242      1
0.014307080932537257      1
0.014398767897335015      1
0.014491042438281495      1
0.014583908320859955      1
0.014677369334684748      1
0.014771429293656005      1
0.014866092036115225      1
0.014961361425001932      1
0.015057241348011315      1
0.015153735717752852      1
0.01525084847191002      1
0.015348583573400906      1
0.01544694501054001      1
0.01554593679720093      1
0.015645562972980195      1
0.01574582760336209      1
0.015846734779884568      1
0.015948288620306228      1
0.016050493268774318      1
0.01615335289599387      1
0.01625687169939789      1
0.016361053903318643      1
0.016465903759160044      1
0.016571425545571124      1
0.016677623568620677      1
0.016784502161972928      1
0.0168920656870644      1
0.017000318533281898      1
0.017109265118141627      1
0.01721890988746945      1
0.017329257315582308      1
0.017440311905470848      1
0.017552078188983106      1
0.017664560727009497      1
0.017777764109668907      1
0.017891692956496005      1
0.01800635191662979      1
0.018121745669003226      1
0.01823787892253429      1
0.018354756416318035      1
0.018472382919820025      1
0.018590763233070958      1
0.018709902186862533      1
0.018829804642944616      1
0.018950475494223577      1
0.019071919664962012      1
0.01919414211097965      1
0.019317147819855614      1
0.019440941811131936      1
0.01956552913651839      1
0.01969091488009867      1
0.01981710415853781      1
0.019944102121291007      1
0.020071913950813758      1
0.020200544862773343      1
0.020330000106261657      1
0.0204602849640094      1
0.020591404752601697      1
0.020723364822695      1
0.020856170559235453      1
0.020989827381678653      1
0.021124340744210778      1
0.021259716135971208      1
0.021395959081276422      1
0.021533075139845564      1
0.02167106990702721      1
0.021809949014027757      1
0.0219497181281412      1
0.022090382952980384      1
0.022231949228709816      1
0.022374422732279825      1
0.022517809277662348      1
0.022662114716088175      1
0.022807344936285737      1
0.02295350586472138      1
0.02310060346584122      1
0.023248643742314577      1
0.023397632735278857      1
0.02354757652458612      1
0.02369848122905118      1
0.023850353006701273      1
0.024003198055027413      1
0.024157022611237176      1
0.02431183295250938      1
0.024467635396250104      1
0.024624436300350567      1
0.02478224206344654      1
0.024941059125179448      1
0.025100893966459245      1
0.025261753109728707      1
0.025423643119229795      1
0.025586570601271386      1
0.025750542204498912      1
0.025915564620165664      1
0.02608164458240584      1
0.026248788868509402      1
0.026417004299198504      1
0.026586297738906004      1
0.02675667609605544      1
0.026928146323343012      1
0.02710071541802133      1
0.02727439042218483      1
0.027449178423057323      1
0.02762508655328105      1
0.027802121991207834      1
0.027980291961191974      1
0.02815960373388505      1
0.02834006462653269      1
0.028521682003273006      1
0.02870446327543732      1
0.02888841590185241      1
0.029073547389145003      1
0.029259865292048045      1
0.029447377213709002      1
0.029636090806000184      1
0.029826013769830847      1
0.030017153855461644      1
0.03020951886282073      1
0.030403116641822138      1
0.030597955092686095      1
0.030794042166261398      1
0.03099138586434993      1
0.031189994240033048      1
0.0313898753980004      1
0.03159103749488049      1
0.031793488739573626      1
0.0319972373935869      1
0.03220229177137119      1
0.0324086602406607      1
0.03261635122281417      1
0.032825373193158695      1
0.033035734681335485      1
0.033247444271648      1
0.03346051060341226      1
0.03367494237130929      1
0.03389074832574008      1
0.03410793727318253      1
0.034326518076550905      1
0.03454649965555747      1
0.03476789098707648      1
0.03499070110551056      1
0.03521493910315922      1
0.035440614130590124      1
0.03566773539701229      1
0.03589631217065198      1
0.03612635377913098      1
0.036357869609847035      1
0.03659086911035721      1
0.03682536178876309      1
0.03706135721409911      1
0.0372988650167228      1
0.03753789488870785      1
0.03777845658423974      1
0.038020559920013505      1
0.038264214775634645      1
0.03850943109402205      1
0.03875621888181386      1
0.03900458820977577      1
0.039254549213212      1
0.039506112092378975      1
0.03975928711290131      1
0.04001408460619109      1
0.04027051496986917      1
0.040528588668189626      1
0.04078831623246672      1
0.041049708261504635      1
0.04131277542203013      1
0.04157752844912755      1
0.041843978146677195      1
0.04211213538779599      1
0.04238201111528125      1
0.042653616342057304      1
0.04292696215162472      1
0.04320205969851285      1
0.04347892020873472      1
0.04375755498024543      1
0.04403797538340297      1
0.0443201928614323      1
0.04460421893089241      1
0.04489006518214603      1
0.0451777432798329      1
0.04546726496334556      1
0.045758642047308506      1
0.04605188642206027      1
0.046347010054138625      1
0.04664402498676904      1
0.04694294334035585      1
0.04724377731297719      1
0.047546539180882544      1
0.04785124129899376      1
0.04815789610140926      1
0.04846651610191138      1
0.04877711389447718      1
0.04908970215379205      1
0.04940429363576732      1
0.04972090117806053      1
0.05003953770059935      1
0.050360216206108976      1
0.05068294978064239      1
0.051007751594114796      1
0.05133463490084063      1
0.05166361304007482      1
0.05199469943655683      1
0.05232790760105861      1
0.05266325113093603      1
0.05300074371068345      1
0.05334039911249256      1
0.05368223119681404      1
0.054026253912923365      1
0.05437248129948994      1
0.05472092748515001      1
0.05507160668908335      1
0.05542453322159315      1
0.055779721484690445      1
0.05613718597268146      1
0.05649694127275927      1
0.05685900206559898      1
0.057223383125956845      1
0.05759009932327328      1
0.05795916562227935      1
0.05833059708360785      1
0.058704408864407524      1
0.05908061621896179      1
0.05945923449931127      1
0.05984027915587999      1
0.06022376573810624      1
0.06060970989507683      1
0.0609981273761658      1
0.0613890340316771      1
0.061782445813491356      1
0.06217837877571698      1
0.062576849075345      1
0.06297787297290872      1
0.06338146683314703      1
0.06378764712567232      1
0.0641964304256425      1
0.06460783341443746      1
0.06502187288033981      1
0.0654385657192197      1
0.06585792893522478      1
0.06627997964147365      1
0.06670473506075443      1
0.0671322125262275      1
0.06756242948213283      1
0.06799540348450195      1
0.06843115220187408      1
0.06886969341601751      1
0.06931104502265491      1
0.06975522503219375      1
0.07020225157046137      1
0.07065214287944428      1
0.07110491731803306      1
0.07156059336277111      1
0.07201918960860891      1
0.07248072476966265      1
0.072945217679978      1
0.07341268729429877      1
0.07388315268884008      1
0.07435663306206725      1
0.07483314773547885      1
0.07531271615439541      1
0.07579535788875282      1
0.07628109263390088      1
0.07676994021140733      1
0.07726192056986612      1
0.07775705378571214      1
0.07825536006403998      1
0.0787568597394287      1
0.07926157327677151      1
0.07976952127211095      1
0.08028072445347947      1
0.08079520368174503      1
0.08131297995146256      1
0.08183407439173061      1
0.08235850826705371      1
0.08288630297820992      1
0.08341748006312427      1
0.08395206119774772      1
0.08449006819694149      1
0.0850315230153675      1
0.08557644774838409      1
0.08612486463294781      1
0.08667679604852076      1
0.08723226451798399      1
0.08779129270855639      1
0.08835390343271977      1
0.08892011964914985      1
0.08948996446365304      1
0.0900634611301094      1
0.09064063305142148      1
0.0912215037804695      1
0.09180609702107229      1
0.09239443662895468      1
0.09298654661272096      1
0.09358245113483465      1
0.09418217451260441      1
0.09478574121917661      1
0.09539317588453365      1
0.09600450329649933      1
0.09661974840175025      1
0.09723893630683385      1
0.09786209227919299      1
0.09848924174819687      1
0.0991204103061791      1
0.09975562370948164      1
0.10039490787950608      1
0.10103828890377138      1
0.10168579303697843      1
0.10233744670208139      1
0.10299327649136616      1
0.1036533091675352      1
0.10431757166479985      1
0.10498609108997947      1
0.10565889472360747      1
0.10633601002104469      1
0.10701746461359962      1
0.10770328630965625      1
0.10839350309580852      1
0.10908814313800254      1
0.10978723478268598      1
0.11049080655796482      1
0.11119888717476738      1
0.11191150552801622      1
0.11262869069780693      1
0.11335047195059501      1
0.11407687874039013      1
0.11480794070995803      1
0.11554368769203023      1
0.11628414971052127      1
0.11702935698175426      1
0.11777933991569349      1
0.11853412911718562      1
0.1192937553872086      1
0.12005824972412849      1
0.1208276433249644      1
0.1216019675866618      1
0.1223812541073734      1
0.1231655346877488      1
0.12395484133223213      1
0.12474920625036812      1
0.12554866185811633      1
0.12635324077917437      1
0.12716297584630856      1
0.1279779001026943      1
0.12879804680326418      1
0.12962344941606513      1
0.13045414162362412      1
0.13129015732432264      1
0.13213153063378028      1
0.1329782958862464      1
0.13383048763600158      1
0.1346881406587676      1
0.13555128995312654      1
0.13641997074194892      1
0.13729421847383128      1
0.13817406882454242      1
0.13905955769847947      1
0.13995072123013294      1
0.14084759578556139      1
0.14175021796387524      1
0.14265862459873044      1
0.14357285275983167      1
0.14449293975444474      1
0.14541892312891921      1
0.14635084067022053      1
0.14728873040747198      1
0.14823263061350653      1
0.14918257980642893      1
0.1501386167511871      1
0.15110078046115422      1
0.15206911019972086      1
0.15304364548189706      1
0.15402442607592495      1
0.15501149200490147      1
0.15600488354841183      1
0.15700464124417296      1
0.15801080588968783      1
0.15902341854391036      1
0.16004252052892085      1
0.16106815343161218      1
0.16210035910538725      1
0.16313917967186625      1
0.16418465752260605      1
0.16523683532082986      1
0.16629575600316832      1
0.16736146278141148      1
0.16843399914427232      1
0.1695134088591615      1
0.170599735973973      1
0.1716930248188819      1
0.17279332000815345      1
0.17390066644196336      1
0.17501510930823028      1
0.17613669408445992      1
0.1772654665396005      1
0.17840147273591073      1
0.1795447590308394      1
0.1806953720789172      1
0.1818533588336604      1
0.183018766549487      1
0.18419164278364525      1
0.18537203539815394      1
0.1865599925617558      1
0.18775556275188304      1
0.18895879475663566      1
0.19016973767677223      1
0.1913884409277139      1
0.19261495424156044      1
0.19384932766911997      1
0.19509161158195132      1
0.19634185667441967      1
0.19760011396576507      1
0.19886643480218444      1
0.20014087085892726      1
0.20142347414240366      1
0.20271429699230706      1
0.20401339208375      1
0.2053208124294135      1
0.2066366113817105      1
0.20796084263496328      1
0.20929356022759396      1
0.21063481854433025      1
0.2119846723184244      1
0.2133431766338869      1
0.2147103869277343      1
0.21608635899225126      1
0.21747114897726774      1
0.2188648133924498      1
0.2202674091096058      1
0.22167899336500735      1
0.22309962376172482      1
0.22452935827197792      1
0.22596825523950173      1
0.22741637338192708      1
0.2288737717931769      1
0.2303405099458777      1
0.23181664769378654      1
0.23330224527423335      1
0.23479736331057907      1
0.23630206281468996      1
0.23781640518942662      1
0.2393404522311501      1
0.2408742661322437      1
0.24241790948365066      1
0.2439714452774284      1
0.24553493690931938      1
0.2471084481813376      1
0.24869204330437242      1
0.25028578690080894      1
0.2518897440071649      1
0.25350398007674485      1
0.25512856098231074      1
0.25676355301877074      1
0.2584090229058838      1
0.26006503779098256      1
0.26173166525171365      1
0.26340897329879526      1
0.2650970303787921      1
0.26679590537690956      1
0.2685056676198034      1
0.2702263868784096      1
0.27195813337079155      1
0.27370097776500507      1
0.2754549911819824      1
0.2772202451984345      1
0.2789968118497722      1
0.28078476363304483      1
0.2825841735098997      1
0.2843951149095588      1
0.2862176617318156      1
0.2880518883500504      1
0.2898978696142659      1
0.29175568085414083      1
0.2936253978821045      1
0.29550709699643035      1
0.29740085498434954      1
0.2993067491251844      1
0.3012248571935018      1
0.3031552574622876      1
0.3050980287061398      1
0.3070532502044838      1
0.30902100174480746      1
0.31100136362591685      1
0.312994416661213      1
0.31500024218199046      1
0.3170189220407548      1
0.3190505386145641      1
0.3210951748083898      1
0.32315291405850005      1
0.3252238403358647      1
0.32730803814958154      1
0.3294055925503255      1
0.3315165891338186      1
0.3336411140443235      1
0.33577925397815844      1
0.33793109618723527      1
0.3400967284826199      1
0.342276239238116      1
0.3444697173938706      1
0.346677252460004      1
0.34889893452026244      1
0.35113485423569396      1
0.3533851028483482      1
0.35564977218499944      1
0.35792895466089486      1
0.3602227432835242      1
0.36253123165641626      1
0.3648545139829582      1
0.36719268507023994      1
0.36954584033292254      1
0.37191407579713287      1
0.37429748810438085      1
0.3766961745155039      1
0.3791102329146359      1
0.3815397618132013      1
0.3839848603539352      1
0.3864456283149297      1
0.38892216611370445      1
0.39141457481130526      1
0.3939229561164279      1
0.3964474123895686      1
0.398988046647201      1
0.40154496256598005      1
0.4041182644869733      1
0.4067080574199176      1
0.4093144470475054      1
0.41193753972969677      1
0.4145774425080599      1
0.41723426311013895      1
0.41990810995385097      1
0.4225990921519089      1
0.4253073195162748      1
0.4280329025626413      1
0.4307759525149409      1
0.433536581309885      1
0.4363149016015314      1
0.4391110267658826      1
0.4419250709055106      1
0.4447571488542144      1
0.4476073761817057      1
0.45047586919832483      1
0.45336274495978723      1
0.4562681212719607      1
0.4591921166956716      1
0.462134850551544      1
0.4650964429248683      1
0.46807701467050195      1
0.47107668741780095      1
0.4740955835755832      1
0.4771338263371245      1
0.48019153968518424      1
0.48326884839706613      1
0.4863658780497094      1
0.48948275502481325      1
0.49261960651399445      1
0.49577656052397806      1
0.49895374588181984      1
0.5021512922401644      1
0.5053693300825356      1
0.5086079907286613      1
0.5118674063398321      1
0.5151477099242945      1
0.5184490353426793      1
0.5217715173134627      1
0.5251152914184651      1
0.5284804941083832      1
0.531867262708358      1
0.5352757354235793      1
0.5387060513449258      1
0.5421583504546396      1
0.5456327736320394      1
0.5491294626592701      1
0.552648560227087      1
0.5561902099406799      1
0.5597545563255326      1
0.5633417448333216      1
0.5669519218478496      1
0.5705852346910213      1
0.5742418316288537      1
0.5779218618775269      1
0.5816254756094734      1
0.5853528239595066      1
0.5891040590309871      1
0.5928793339020303      1
0.5966788026317534      1
0.6005026202665616      1
0.6043509428464757      1
0.6082239274114988      1
0.612121732008026      1
0.6160445156952927      1
0.6199924385518658      1
0.6239656616821763      1
0.627964347223093      1
0.6319886583505394      1
0.6360387592861529      1
0.640114815303985      1
0.6442169927372463      1
0.6483454589850949      1
0.652500382519466      1
0.6566819328919482      1
0.6608902807407016      1
0.6651255977974218      1
0.669388056894347      1
0.6736778319713114      1
0.677995098082843      1
0.6823400314053072      1
0.6867128092440957      1
0.6911136100408636      1
0.6955426133808084      1
0.7000000000000002      1
0.7006999999999999      1.0016642975724805
0.7056934754498004      1.0136326882787319
0.7107225364527161      1.0066306255436703
0.7157874366059865      1.0032756544176222
0.7208884313140893      1.0091963107427329
0.7260257778016191      1.0045951724534057
0.7311997351262584      1.0097244945072852
0.7364105641918409      1.0063564195870525
0.7416585277615079      1.006027936474074
0.7469438904709589      1.0063652742739915
0.7522669188417955      1.0068752646851296
0.7576278812949618      1.0050758905175707
0.7630270481642794      1.00618022113644
0.7684646917100794      1.010014116429423
0.773941086132932      1.0043519546966482
0.7794565075874729      1.008670486264393
0.7850112341963287      1.001710926497626
0.7906055460641422      1.006048563337655
0.7962397252916968      1.0095835230190522
0.8019140559901412      1.0028058057770202
0.8076288242953171      1.0095795123200744
0.8133843183821873      1.0020991722553614
0.8191808284793676      1.0053450499099879
0.8250186468837617      1.0092661336931041
0.8308980679753012      1.0009438093350511
0.8368193882317895      1.009148940166385
0.8427829062438525      1.003451309832503
0.8487889227299953      1.0040635356063645
0.8548377405517662      1.0092041061153993
0.8609296647290292      0.999160166481886
0.8670650024553449      1.007920739286757
0.873244063113461      1.0046722635331848
0.8794671582909138      1.0024772527717944
0.8857346017957397      1.0094482390156945
0.8920467096723002      1.0009137716873036
0.898403800217218      1.0061025420032534
0.9048061939954287      1.0058221324031054
0.9112542138563444      1.0007457096445016
0.9177481849501348      1.0096892628142287
0.9242884347441229      1.0026163577304177
0.9308752930392983      1.00394736715977
0.9375090919869472      1.0069323915433543
0.9441901661054025      0.999436274027977
0.9509188522969115      1.0067818162876285
0.9576954898646255      1.004003189732664
0.9645204205297085      1.0016987612554844
0.9713939884485702      1.008189101694184
0.9783165402302196      1.0010693786751943
0.9852884249537439      1.0040460663367103
0.9923099941859105      1.0056239057988017
0.9993816019988961      0.9999395250686999
1.0065036049881408      1.0058351074501926
1.0136763622903302      1.0029387600439619
1.0209002356015047      1.0019308698810385
1.0281755891952988      1.006938638435743
1.0355027899413114      1.0000061162485123
1.0428822073236033      1.0033458457511124
1.0503142134593306      1.005324613443563
1.0577991831175093      1.0007440356386
1.065337493737912      1.0041065062405106
1.0729295254501032      1.002630092807617
1.0805756610926054      1.0019544814046077
1.0882762862322057      1.0041672739763408
1.0960317891833982      1.0006974275397575
1.1038425610279654      1.0025609526450339
1.1117089956346988      1.0035117218260454
1.1196314896792603      1.001841858116402
1.1276104426641855      1.0025431678586947
1.1356462569390282      1.0021484331401067
1.1437393377206508      1.002435349514006
1.1518900931136566      1.0019024110595809
1.16009893413097      1.002953081470253
1.1683662747145618      1.00247303692202
1.176692531756323      1.0006578638836268
1.1850781251190872      1.0037568804527255
1.1935234776578025      1.001965330978824
1.2020290152408548      0.9992835313327383
1.2105951667715429      1.0039300377411426
1.219222364209706      1.0009352061636254
1.2279110425935063      1.0007341495960569
1.2366616400613666      1.0036173355200264
1.2454745978740631      0.9994141237031072
1.254350360436978      1.0015460414304564
1.2632893753225074      1.0028410303388575
1.2722920932926325      0.999376090973716
1.2813589683216495      1.001765224480602
1.2904904576190606      1.0016296695466609
1.2996870216526306      1.0003779451141923
1.3089491241716071      1.0014409364924697
1.3182772322301042      1.0000157250802133
1.327671816210655      1.0008556306664402
1.337133349847932      1.0006235573569644
1.3466623102526347      1.001172280125472
1.3562591779355493      1.000849257008368
1.3659244368317784      0.9993628585616176
1.3756585743251453      1.0018789160263593
1.3854620812727694      1.000399135644158
1.3953354520298198      0.9989613193905248
1.4052791844744426      1.0021391380633715
1.4152937800328682      0.9995445292150879
1.4253797437046958      0.9997781281004295
1.4355375840883584      1.0019860449307814
1.4457678134067702      0.9983234496955266
1.456070947533156      1.0001505300241993
1.4664475060170643      1.001405462582876
1.4768980121105673      0.999060536529362
1.487422992794645      1.0001172232724913
1.4980229788057609      1.0002086821721627
1.5086985046626236      0.9997309998379309
1.519450108693141      0.9997140292546173
1.5302783330615666      0.9994542278074324
1.541183723795839      1.0000106804682545
1.552166830815115      0.9989734728253802
1.5632282079575013      1.0000468094671757
1.5743684130079814      0.9999287843057437
1.585588007726544      0.9979244488241354
1.5968875578765092      1.0002833152788233
1.6082676332530588      0.9995107602937365
1.6197288077119683      0.9982448247955124
1.6312716591985452      1.000176036748871
1.6428967697767718      0.9987530267269791
1.654604725658657      0.9987495633684248
1.6663961172337967      0.9997416332816146
1.6782715390991456      0.998075414813747
1.6902315900889993      0.9989252353323204
1.7022768733051927      0.9990314536685858
1.7144079961475114      0.9987728988616679
1.7266255703443207      0.9987957204130737
1.7389302119834134      0.9980640604167124
1.751322541543076      0.9991413003595979
1.763803183923378      0.99837969004538
1.7763727684776829      0.9980435441864706
1.7890319290443841      0.9991999784739197
1.8017813039788673      0.9976931849898065
1.8146215361857005      0.9984635563518695
1.8275532731510535      0.9989650684540945
1.8405771669753466      0.996859354583059
1.853693874406137      0.9986090951496233
1.8669040568712332      0.9984500481143893
1.8802083805120486      0.997440555648584
1.8936075162171953      0.9984940233268711
1.9071021396563106      0.9976654918406647
1.9206929313141328      0.9977391865736109
1.9343805765248117      0.9981312842025336
1.948165765506469      0.9974645212391442
1.962049193396006      0.9977682291802259
1.9760315602841523      0.997530378133878
1.990113571250771      0.9978302384646452
2.0042959364004154      0.9975390642675008
2.0185793708981326      0.9966991141801913
2.03296459500553      0.9979211458319968
2.0474523341170956      0.9970602926498147
2.0620433187967735      0.9971481319374016
2.0767382848148084      0.9977472498913786
2.0915379731848436      0.9963391785542167
2.10644313020129      0.9974614490841017
2.121454507476959      0.997316781801199
2.1365728619809623      0.9959635481878
2.151798956076883      0.9975507658349211
2.1671335575612223      0.9966365825899969
2.182577439702111      0.9963122223592139
2.1981313812783077      0.9974256728382795
2.213796166618467      0.9957126355576146
2.22957258564069      0.9964323123534519
2.24546143389236      0.9970950445591489
2.261463512590255      0.9957667809996503
2.2775796286609546      0.9963336873737673
2.293810594781526      0.9964602410717485
2.310157229420507      0.9958545378781125
2.3266203568791775      0.9960167015118139
2.343200807333127      0.9956489098486812
2.3598994168741156      0.9957448729368776
2.3767170275522367      0.9955191944337992
2.3936544874183774      0.995687169542724
2.410712650566984      0.995415749524034
2.427892377179129      0.994823851983788
2.4451945335658873      0.9955081434110578
2.462619992212024      0.9948893642801487
2.4801696318199857      0.9949320787240931
2.497844337354214      0.995124216514938
2.5156450000857706      0.9941788432211117
2.533572517637279      0.9953211132553241
2.5516277940281893      0.9945495553106907
2.5698117397203664      0.9934797429684775
2.588125271663998      0.9950400720935897
2.606569313343836      0.9937982697965019
2.625144794825763      0.9938288884685322
2.6438526528036905      0.9943962277738195
2.662693830646798      0.992885559378789
2.681669278447098      0.9940339345439214
2.700779953067349      0.9935511483146933
2.720026818189306      0.9925485197131076
2.739410844362315      0.9940905192188634
2.7589330090522544      0.9925340355797484
2.7785942966908257      0.9926641808191995
2.798395698725193      0.9933246536471335
2.8183382136679813      0.9913972281414731
2.8384228471476245      0.9926819579915384
2.858650611959076      0.9922460301981195
2.8790225281148847      0.9914548547851227
2.899539622896624      0.99262283168861
2.9202029309066964      0.99105495602102
2.941013494120509      0.9914323412386848
2.9619723619390084      0.9919726614298178
2.983080591241606      0.9903500223228944
3.004339246439468      0.991353929673221
3.0257493995291886      0.9907433351395563
3.0473121301468535      0.9902923993963189
3.069028525622475      0.9912453956452548
3.090899681034824      0.9894518862299376
3.112926699266655      0.9902022879140044
3.135110691060314      0.990419020954997
3.157452775073753      0.9892286532279222
3.1799540779369404      0.9901062876882415
3.20261573430867      0.9891263336047134
3.225438886933781      0.9891394595839361
3.2484246867007798      0.9900334102739397
3.271574292699875      0.9882207236548312
3.29488887228143      0.9890429587219041
3.318369601114823      0.9887255880833903
3.3420176632477343      0.988042022265461
3.3658342511658557      0.988896611595134
3.389820565853017      0.9873341854822061
3.4139778168517556      0.9878744764886629
3.438307222324302      0.9881301540412722
3.4628100091140093      0.9868743622049787
3.4874874128072224      0.9877738507332325
3.5123406777955792      0.986788302953701
3.537371057338761      0.9867557761960589
3.5625798136276954      0.987495747639285
3.587968217848197      0.9857482433832488
3.61353755024507      0.9867320994053926
3.6392891001866734      0.9862271871333654
3.665224166229928      0.9857013112014722
3.6913440561858075      0.9868316787838592
3.717650087185281      0.9850623616498871
3.744143585745732      0.985777127177267
3.770825887837854      0.9856556027360113
3.7976983389530115      0.9846922630128527
3.824762294171093      0.9859157381350656
3.8520191182288444      0.9844783672134985
3.879470185588682      0.9847070331937625
3.9071168805080054      0.984844846589701
3.934960597109002      0.9834912868734594
3.9630027394489415      0.9848851300794904
3.9912447215909865      0.9837589971077452
4.019687967675489      0.9836324379941633
4.04833391199181      0.984007987021675
4.0771839990506455      0.9828526771622459
4.106239683656867      0.9839688429340374
4.1355024309828785      0.983084991932708
4.1649737166425105      0.982668250380974
4.194655026765414      0.98321818476131
4.2245478580720155      0.9823646495654841
4.254653717948981      0.9831785279650461
4.284974124525235      0.9824228079673907
4.315510606748508      0.9817454890089735
4.346264704462441      0.9822937525238179
4.377237968484229      0.9816891395779359
4.408431960682832      0.9820735836067931
4.439848254057723      0.9815371845403386
4.471488432818215      0.981201877299063
4.503354092463348      0.9812942460054154
4.535446839862341      0.9810254904914356
4.5677682933356225      0.9809660029790523
4.600320082736435      0.980759500654993
4.633103849533021      0.980781609952859
4.6661212468914055      0.9804086825601146
4.699373939758745      0.9804905320415994
4.732863604947296      0.9801219124090722
4.766591931218965      0.9800301281703807
4.8005606193704695      0.9803415688889378
4.834771382319101      0.9794129622024854
4.8692259451891005      0.9797729561700317
4.903926045398652      0.9793435585218849
4.9388734327474975      0.9791274413439595
4.974069869505165      0.9798171062628338
5.009517130499836      0.9784094652014379
5.045217003207851      0.9791420454151846
5.081171287843836      0.978691623587262
5.117381797451484      0.9783965304148827
5.153850357994984      0.9790745458580891
5.1905788084510895      0.9778191446418226
5.227569000901862      0.9786448640957549
5.264822800628053      0.9780716629568209
5.302342086203171      0.9776483554864163
5.3401287495882155      0.9781441726991633
5.378184696227066      0.9772481082413097
5.416511845142582      0.9779867864678078
5.455112129033369      0.977308897814954
5.493987494371227      0.9768807625859739
5.533139901499318      0.9772580816638133
5.572571324731014      0.97680850407871
5.612283752449446      0.9771031490979929
5.65227918720779      0.9767455177491624
5.692559645830226      0.9766525100918669
5.7331271595136535      0.9765080168589796
5.7739837739301185      0.9764300107654933
5.815131549329957      0.9760754972746432
5.856572560645697      0.9760627512396439
5.8983088975966895      0.9762601182756052
5.940342664794475      0.9756028734219551
5.982675981848926      0.9759630770295513
6.025310983475121      0.9750566238256366
6.068249819600989      0.9754872372712036
6.111494655475735      0.9755326881441733
6.155047671779011      0.9749269091915117
6.198911064730887      0.9757316930391983
6.243087046202603      0.9746323695377138
6.287577843828093      0.9750289966832169
6.332385701116325      0.9748069692604341
6.377512877564438      0.9741821851286416
6.422961648771666      0.9748642839710555
6.468734306554101      0.9740245375763518
6.514833159060252      0.9744920599906559
6.561260530887444      0.974082170572419
6.608018763199036      0.9736232258319826
6.655110213842472      0.9740311983925907
6.702537257468188      0.9736768813928554
6.750302285649351      0.9738797830140576
6.798407707002458      0.9735519316665949
6.846855947308796      0.973499303006136
6.895649449636766      0.9732094455622606
6.944790674465067      0.9732415915899326
6.9942820998067905      0.9727682436913755
7.044126221334354      0.9728876676530126
7.094325552505368      0.9730368920139886
7.144882624689368      0.972443953889484
7.195799987295467      0.9729620285942925
7.247080207900912      0.9720581741800883
7.2987258723805555      0.9725113552609551
7.350739585037266      0.9724031081976133
7.403123968733229      0.9718497813317503
7.455881665022225      0.9724842571470588
7.509015334282831      0.9715360595450114
7.562527655852569      0.9720109617832361
7.616421328163026      0.9716130890163336
7.670699068875913      0.971194399842661
7.725363615020112      0.9715844578493222
7.7804177231296965      0.9711377331636472
7.835864169382932      0.9714567590376035
7.891705749742262      0.9711137838808866
7.947945280095321      0.9710555005302288
8.004585596396897      0.9708784406418942
8.061629554811962      0.9708303235572324
8.119080031859685      0.9704646520733186
8.176939924558493      0.9705106139029592
8.235212150572162      0.9705088757468251
8.293899648356922      0.970102162362082
8.353005377309655      0.9705542748977632
8.412532317917117      0.9696104283698818
8.472483471906232      0.970146111891097
8.53286186239546      0.9698892306210661
8.593670534047254      0.96961162338531
8.654912553221566      0.9700101289892045
8.71659100813049      0.969128361328729
8.778709008993985      0.9697793109038674
8.841269688196714      0.9691799283310568
8.904276200446002      0.9690085239102009
8.967731722930905      0.9691290649553284
9.031639455482429      0.9687555060707993
9.096002620734895      0.9689840899777711
9.160824464288428      0.9687168844251368
9.226108254872635      0.9687477774970992
9.291857284511439      0.9685082202731885
9.358074868689059      0.9685556360356309
9.424764346517224      0.9681003814877933
9.491929080903537      0.9682253793859079
9.559572458721057      0.9679226907728322
9.627697890979105      0.9678099497345544
9.696308812995234      0.9681924820788336
9.765408684568484      0.9673146241612379
9.835000990153844      0.9679357123360027
9.905089239037958      0.9673675441622335
9.975676965516074      0.9674165296953907
10.046767729070304      0.9674565319437187
10.118365114549055      0.966754266925936
10.190472732347855      0.9673426696167744
10.263094218591386      0.9667541259495687
10.336233235316836      0.9669187929212172
10.40989347065859      0.9666596353678717
10.484078639034177      0.9664656182170758
10.558792481331588      0.966475976813374
10.63403876509792      0.9663854606751723
10.709821284729351      0.9662079942888863
10.786143861662481      0.9661384206625117
10.863010344567046      0.9663641386629808
10.940424609539967      0.9656950546010062
11.018390560300825      0.9659990328843004
11.096912128388704      0.9653032074276867
11.175993273360445      0.9655528835946315
11.255637982990333      0.9655027917050587
11.335850273471145      0.9650302358406454
11.416634189616705      0.9656060306535336
11.497993805065834      0.9648576333631512
11.579933222487771      0.9652621346721374
11.662456573789076      0.9648581763680547
11.745568020321944      0.9644932090713656
11.829271753094087      0.964687692788016
11.913571992980051      0.9643443979963678
11.998472990934065      0.9644333122222976
12.083979028204396      0.9641938874941058
12.170094416549256      0.9642491840246987
12.256823498454201      0.9639591784873419
12.344170647351119      0.9641064658154117
12.432140267838768      0.963623743407494
12.520736795904883      0.9637803958753872
12.609964699149875      0.9635203374059091
12.699828477012094      0.9632766782554997
12.79033266099474      0.9636183471481103
12.881481814894354      0.9627002460852493
12.973280535030971      0.9633345601974074
13.065733450479877      0.9628024277676052
13.158845223305066      0.9627694786672159
13.25262054879429      0.9628368110519006
13.347064155695856      0.9623784307928988
13.442180806457067      0.9626807283589548
13.537975297464374      0.9622458087954656
13.63445245928526      0.9623307924739369
13.731617156911797      0.9620126097977231
13.829474290005988      0.9619614141175151
13.928028793146838      0.9616992015329247
14.027285636079185      0.9617457706231418
14.127249823964295      0.9613480195395601
14.227926397632292      0.9614509747306579
14.329320433836298      0.9616076490832246
14.431437045508465      0.960982755042187
14.534281382017799      0.9614210671273332
14.637858629429807      0.9606515826250914
14.742174010768053      0.9608615706474918
14.847232786277486      0.9606733371840731
14.953040253689718      0.9602322344805924
15.059601748490174      0.960609428773688
15.166922644187133      0.9601050977748806
15.275008352582693      0.9604645342657866
15.383864324045687      0.9600304764160946
15.493496047786499      0.9598553461620285
15.603909052133872      0.9597532473187946
15.715108904813695      0.959631586830981
15.827101213229742      0.9593537004595617
15.93989162474647      0.959328645443557
16.05348582697375      0.9592387290456158
16.16788954805369      0.9589501339433287
16.2831085569495      0.9593147899998316
16.39914866373637      0.9584996117586709
16.516015719894494      0.9589169905974905
16.63371561860409      0.9584990780665917
16.7522542950426      0.9583227117390851
16.87163772668398      0.9584136080421783
16.9918719336001      0.9577682791245287
17.112962978764337      0.9582478913646508
17.234916968357325      0.9577100298978737
17.357740052074814      0.9577571400674724
17.481438423437815      0.9575702130116261
17.606018320104916      0.9574005417581679
17.7314860241868      0.9573241641821284
17.85784786256308      0.9571878946511989
17.985110207201277      0.9568631928557202
18.11327947547817      0.9567905885123267
18.242362130503395      0.9569545041113289
18.37236468144537      0.9563216836477212
18.50329368385949      0.9566307811823365
18.635155740018764      0.9559858191791663
18.76795749924667      0.9561794768493146
18.901705658252506      0.9560690408135892
19.036406961469062      0.9556380905734184
19.172068201392715      0.9559720233599831
19.308696218925977      0.9553127087546184
19.446297903722417      0.9556252263555998
19.5848801945341      0.9551454355796584
19.72445007956149      0.9548562966673952
19.86501459680583      0.9549019197752963
20.006580834424028      0.9547130304820024
20.14915593108615      0.9545847605021607
20.292747076335303      0.9544872088412104
20.43736151095025      0.9544251032886581
20.583006527310506      0.9540706440523427
20.729689469764054      0.9542537013986607
20.87741773499776      0.9535060592091362
21.026198772410265      0.9537765183848327
21.1760400844877      0.9533701522436057
21.32694922718198      0.9532304648440096
21.47893381029184      0.9533441718755279
21.632001497846538      0.9526754932539158
21.786160008492388      0.9532398295209873
21.941417115881904      0.9526338314031462
22.09778064906585      0.9526158108950361
22.25525849288801      0.9523559324206757
22.413858588382794      0.9520558268094678
22.573588933175703      0.9520045406104788
22.73445758188657      0.9518014115128773
22.896472646535756      0.9515831988451007
23.059642296953204      0.9514729931161484
23.223974761190412      0.9516331707498827
23.38947832593537      0.9510737516000316
23.55616133693038      0.9512659532776965
23.724032199392923      0.9505558271966441
23.893099378439516      0.9506900856997477
24.06337139951256      0.9504886990252253
24.234856848810253      0.9500436719828165
24.40756437371958      0.9503437952916554
24.581502683252328      0.9496811717351767
24.75668054848428      0.9500351064963439
24.933106802997496      0.9495633059500389
25.11079034332576      0.9493388511116743
25.28974012940324      0.9492813877355224
25.469965185016214      0.9489821805455907
25.651474598258194      0.9488239642602161
25.834277521988156      0.9486125186310789
26.018383174292115      0.9484526401128522
26.20380083894792      0.9481722373347085
26.390539865893476      0.9483273321755493
26.578609671698132      0.9476642559962571
26.76801974003759      0.9479052515597727
26.958779622172106      0.9474638655354833
27.150898937428124      0.9473058157423373
27.34438737368339      0.9472875821544468
27.539254687855397      0.9465582472280795
27.73551070639345      0.9470208551021193
27.933165325774148      0.9463665540572108
28.13222851300046      0.9464159489733435
28.332710306104268      0.9461264352617281
28.534620814652637      0.9458242986442573
28.737970220257516      0.9458140163135891
28.942768777089192      0.9455621038918351
29.14902681239339      0.9453038367852984
29.356754727011992      0.9450884266346447
29.5659629959076      0.9450986971532975
29.77666216869164      0.9445321312910854
29.988862870156417      0.9446757117070802
30.202575800810852      0.9439354590494529
30.417811737420088      0.94413730864655
30.63458153354889      0.9438901764202616
30.852896120109033      0.9435331732758667
31.07276650591039      0.9437017044603334
31.294203778216158      0.9429700015446882
31.5172191033019      0.9432877815580466
31.74182372701863      0.9426763705979064
31.968028975359953      0.9424388101392375
32.1958462550331      0.9423106744085342
32.42528705403419      0.9420113600130606
32.65636294222751      0.9418757045786955
32.889085571928916      0.9416671575795882
33.12346667849352      0.9414445960860123
33.35951808090732      0.9411645189579668
33.59725168238326      0.9412230979577599
33.83667947096147      0.940496740581079
34.07781352011377      0.9406295952347652
34.32066598935247      0.9400581200131873
34.565249124843604      0.9399704313132465
34.811575260024355      0.9398780415476385
35.059656816225036      0.9392482380020142
35.30950630329547      0.9396244091109861
35.561136320235775      0.938961308006445
35.814559555831764      0.9390047539030548
36.069788789294684      0.9385552543288327
36.326836890905696      0.9381663467916574
36.585716822664864      0.9380600021222458
36.846441638944775      0.9377619176804236
37.10902448714881      0.9374982380231176
37.3734786083742      0.937287257068384
37.63981733807958      0.9372178237255012
37.90805410675759      0.9367450746844257
38.17820244061203      0.9368345813978226
38.45027596223997      0.9360066900522049
38.72428839131876      0.9361279431420152
39.0002535452977      0.9357079854210881
39.27818534009497      0.935342802726568
39.55809779079924      0.9353889642137667
39.84000501237647      0.9346662904538942
40.12392122038164      0.9349992178223487
40.40986073167564      0.9343710046568031
40.69783796514715      0.9342176811484331
40.98786744243975      0.9339305116334602
41.27996378868423      0.9335540567366412
41.57414173323601      0.9333113398347633
41.87041611041804      0.9330111598443318
42.16880186026863      0.9326174654931668
42.46931402929497      0.9324006658396262
42.77196777123183      0.932449522119246
43.07677834780569      0.9317251159143499
43.38376112950436      0.9318538037749614
43.692931596352075      0.93119064152409
44.004305338690024      0.9310956748568011
44.31789805796258      0.9308182024302968
44.63372556750903      0.9301847426543836
44.95180379336101      0.9303549479904909
45.272148775045615      0.9296390460873035
45.59477666639413      0.9297406542578345
45.919703736356716      0.9291979780475416
46.2469463698227      0.9288176955801676
46.576521068446844      0.928687557022231
46.908444451481536      0.9283586880287659
47.2427332566147      0.9279903704563953
47.57940434081391      0.9276858564399424
47.91847468117639      0.9274194226183929
48.25996137578513      0.9269330757045577
48.60388164457105      0.9269699002307888
48.950252830181405      0.9261175961548281
49.29909239885423      0.9262305220912324
49.65041794129911      0.9257136767339363
50.004247173584275      0.9254273722035276
50.36059793802988      0.9253030726058902
50.71948820410785      0.924507922964403
51.08093606934784      0.9246989825308265
51.44495976024997      0.923983844511396
51.81157763320386      0.9238081941588104
52.18080817541428      0.9233902236210664
52.552670005833384      0.9230058541421025
52.927181876099695      0.9227295725150542
53.3043626714835      0.9224283482159397
53.68423141183932      0.922004312283369
54.06680725256493      0.9216979427255118
54.452109485567306      0.9215554540925361
54.840157540235545      0.9208014892595717
55.230970984420445      0.9208203648864535
55.62456952542138      0.9199732898707568
56.020973010979986      0.919929597868116
56.420201430281075      0.9195332227724339
56.82227491496053      0.9189772058481511
57.22721374012062      0.919021977013167
57.63503832535222      0.9182899299096229
58.04576923576462      0.9183318703351347
58.45942718302248      0.9176133305097162
58.87603302639026      0.9171663757871538
59.29560777378419      0.9168592282942089
59.71817258283143      0.9164638639979888
60.14374876193707      0.9160402545053821
60.57235777135866      0.9157239011925358
61.00402122428833      0.9153379328826782
61.43876088794264      0.9149180010221685
61.876598684660365      0.9148901357813518
62.31755669300776      0.9139126807454871
62.761657148892006      0.9139071876413822
63.20892244668249      0.9131781596677346
63.65937514034003      0.9128561820244422
64.11303794455429      0.9125663310391334
64.56993373588905      0.911760594906837
65.03008555393588      0.9118854688896376
65.49351660247594      0.9111651398936637
65.96025025064996      0.9110439039703507
66.43031003413695      0.9104267147215942
66.90371965634061      0.9099371359084035
67.3805029895849      0.9095057819764932
67.86068407631775      0.9090914203111315
68.34428713032342      0.9085190047011236
68.83133653794347      0.9081794511075147
69.32185685930665      0.9078959500124745
69.81587282956716      0.9072035465771658
70.31340936015204      0.907193729698578
70.81449154001746      0.906222011087706
71.31914463691368      0.9061244933940648
71.82739409865937      0.9055000833661035
72.33926555442477      0.9049038970758001
72.85478481602406      0.9047062733873095
73.37397787921704      0.9038872934015602
73.89687092501993      0.9038456870212555
74.4234903210256      0.9031070928354249
74.9538626227332      0.9027085230282383
75.48801457488725      0.9022584732318766
76.02597311282622      0.9018063451543922
76.56776536384106      0.9012184907203507
77.11341864854269      0.9007762110119304
77.66296048223998      0.9001562431569142
78.21641857632717      0.8996811169740873
78.77382083968128      0.8994853192517881
79.33519538006938      0.8985237698106271
79.90057050556604      0.898475991700709
80.46997472598078      0.8976092119912621
81.04343675429568      0.8973193806023899
81.62098550811328      0.8968203383463659
82.20265011111498      0.8959532149839143
82.78845989452928      0.895833037861576
83.37844439861111      0.8949909285343678
83.97263337413135      0.8947805317398119
84.57105678387707      0.8940146502126604
85.17374480416248      0.8934878092598766
85.78072782635053      0.8929721337972997
86.3920364583855      0.8925157337589281
87.00770152633645      0.8918581278860451
87.6277540759516      0.8913896538621373
88.25222537422385      0.8908538580760966
88.88114691096776      0.8900989276867204
89.51455040040695      0.889940339643403
90.15246778277368      0.8887478980140181
90.79493122591943      0.8886516648209307
91.44197312693693      0.8878715891381556
92.0936261137939      0.8873017020746771
92.74992304697835      0.8869295460574286
93.41089702115558      0.8860539881556645
94.07658136683703      0.885810538063836
94.74700965206105      0.8849343622991911
95.42221568408549      0.8844606650524142
96.10223351109285      0.8837472467863396
96.78709742390667      0.8831807186663861
97.47684195772105      0.8824960378983411
98.17150189384203      0.8819980256570101
98.87111226144151      0.8812152539781016
99.57570833932361      0.8807397915281706
100.28532565770364      0.880321468083597
100.99999999999991      0.8792884312108202