# T9      λpnFull/λpnBorn   
0.008000000000000004      1
0.008027565158254101      1
0.008055225296251887      1
0.008082980741259837      1
0.008110831821672035      1
0.00813877886701413      1
0.008166822207947174      1
0.00819496217627156      1
0.008223199104930969      1
0.008251533328016265      1
0.008279965180769474      1
0.008308494999587765      1
0.008337123122027383      1
0.008365849886807707      1
0.008394675633815192      1
0.008423600704107425      1
0.008452625439917181      1
0.008481750184656413      1
0.008510975282920386      1
0.008540301080491688      1
0.008569727924344354      1
0.008599256162647994      1
0.00862888614477185      1
0.008658618221289003      1
0.008688452743980458      1
0.008718390065839333      1
0.008748430541075061      1
0.008778574525117525      1
0.008808822374621298      1
0.008839174447469882      1
0.008869631102779885      1
0.008900192700905333      1
0.008930859603441886      1
0.008961632173231128      1
0.008992510774364894      1
0.009023495772189517      1
0.009054587533310215      1
0.009085786425595375      1
0.009117092818180924      1
0.009148507081474732      1
0.00918002958716092      1
0.009211660708204344      1
0.009243400818854932      1
0.009275250294652147      1
0.009307209512429453      1
0.009339278850318725      1
0.009371458687754738      1
0.0094037494054797      1
0.00943615138554768      1
0.009468665011329213      1
0.009501290667515754      1
0.009534028740124276      1
0.009566879616501855      1
0.009599843685330194      1
0.009632921336630284      1
0.009666112961766971      1
0.009699418953453597      1
0.009732839705756691      1
0.00976637561410056      1
0.009800027075272005      1
0.009833794487425045      1
0.009867678250085552      1
0.009901678764156069      1
0.009935796431920468      1
0.009970031657048758      1
0.010004384844601871      1
0.01003885640103641      1
0.010073446734209497      1
0.01010815625338358      1
0.010142985369231283      1
0.010177934493840265      1
0.01021300404071808      1
0.01024819442479709      1
0.010283506062439373      1
0.010318939371441637      1
0.010354494771040161      1
0.010390172681915773      1
0.01042597352619882      1
0.010461897727474159      1
0.010497945710786154      1
0.010534117902643744      1
0.01057041473102545      1
0.010606836625384464      1
0.010643384016653726      1
0.010680057337250994      1
0.01071685702108401      1
0.010753783503555594      1
0.010790837221568815      1
0.010828018613532159      1
0.010865328119364696      1
0.010902766180501313      1
0.010940333239897931      1
0.01097802974203672      1
0.011015856132931394      1
0.011053812860132467      1
0.011091900372732553      1
0.011130119121371686      1
0.011168469558242626      1
0.01120695213709625      1
0.011245567313246888      1
0.011284315543577728      1
0.011323197286546216      1
0.011362213002189462      1
0.011401363152129721      1
0.011440648199579828      1
0.011480068609348687      1
0.011519624847846755      1
0.011559317383091591      1
0.011599146684713369      1
0.011639113223960445      1
0.01167921747370492      1
0.01171945990844825      1
0.011759841004326862      1
0.011800361239117768      1
0.011841021092244244      1
0.011881821044781464      1
0.011922761579462243      1
0.011963843180682705      1
0.012005066334508041      1
0.012046431528678249      1
0.012087939252613887      1
0.01212958999742191      1
0.012171384255901436      1
0.012213322522549605      1
0.012255405293567402      1
0.012297633066865557      1
0.012340006342070423      1
0.01238252562052989      1
0.0124251914053193      1
0.01246800420124743      1
0.01251096451486244      1
0.012554072854457882      1
0.012597329730078708      1
0.012640735653527286      1
0.012684291138369492      1
0.01272799669994076      1
0.012771852855352192      1
0.012815860123496671      1
0.012860019025054986      1
0.012904330082502023      1
0.012948793820112933      1
0.012993410763969314      1
0.01303818144196547      1
0.013083106383814642      1
0.013128186121055267      1
0.013173421187057284      1
0.013218812117028416      1
0.013264359448020544      1
0.01331006371893603      1
0.013355925470534097      1
0.013401945245437247      1
0.013448123588137646      1
0.013494461045003597      1
0.013540958164286002      1
0.013587615496124835      1
0.013634433592555641      1
0.013681413007516107      1
0.013728554296852583      1
0.013775858018326672      1
0.01382332473162181      1
0.01387095499834992      1
0.013918749382058036      1
0.013966708448234973      1
0.014014832764318029      1
0.014063122899699665      1
0.014111579425734289      1
0.014160202915744985      1
0.014208993945030309      1
0.014257953090871094      1
0.014307080932537257      1
0.014356378051294697      1
0.014405845030412147      1
0.014455482455168055      1
0.014505290912857552      1
0.014555270992799376      1
0.014605423286342843      1
0.014655748386874858      1
0.014706246889826908      1
0.014756919392682139      1
0.014807766494982413      1
0.014858788798335394      1
0.014909986906421686      1
0.014961361425001932      1
0.015012912961924042      1
0.015064642127130339      1
0.015116549532664792      1
0.01516863579268027      1
0.015220901523445763      1
0.015273347343353732      1
0.015325973872927402      1
0.015378781734828071      1
0.015431771553862533      1
0.01548494395699044      1
0.015538299573331716      1
0.015591839034174024      1
0.015645562972980195      1
0.015699472025395768      1
0.015753566829256486      1
0.01580784802459585      1
0.015862316253652687      1
0.015916972160878742      1
0.01597181639294632      1
0.016026849598755933      1
0.016082072429443966      1
0.0161374855383904      1
0.016193089581226512      1
0.016248885215842664      1
0.016304873102396086      1
0.016361053903318643      1
0.016417428283324736      1
0.01647399690941912      1
0.01653076045090482      1
0.016587719579391043      1
0.016644874968801095      1
0.01670222729538042      1
0.016759777237704547      1
0.016817525476687134      1
0.016875472695588034      1
0.01693361958002135      1
0.01699196681796359      1
0.01705051509976178      1
0.017109265118141627      1
0.017168217568215727      1
0.0172273731474918      1
0.017286732555880917      1
0.017346296495705807      1
0.017406065671709128      1
0.017466040791061854      1
0.017526222563371614      1
0.01758661170069109      1
0.017647208917526455      1
0.01770801493084579      1
0.017769030460087615      1
0.017830256227169383      1
0.017891692956496005      1
0.017953341374968446      1
0.018015202211992293      1
0.018077276199486427      1
0.01813956407189166      1
0.01820206656617941      1
0.01826478442186044      1
0.01832771838099363      1
0.018390869188194697      1
0.018454237590645073      1
0.01851782433810067      1
0.018581630182900828      1
0.018645655879977165      1
0.018709902186862533      1
0.01877436986369998      1
0.0188390596732517      1
0.018903972380908136      1
0.01896910875469699      1
0.019034469565292273      1
0.019100055586023536      1
0.019165867592884876      1
0.019231906364544235      1
0.019298172682352566      1
0.019364667330353053      1
0.019431391095290435      1
0.019498344766620292      1
0.01956552913651839      1
0.019632944999890052      1
0.019700593154379536      1
0.019768474400379536      1
0.019836589541040592      1
0.01990493938228063      1
0.019973524732794477      1
0.02004234640406342      1
0.020111405210364842      1
0.020180701968781842      1
0.020250237499212863      1
0.02032001262438146      1
0.020390028169845992      1
0.0204602849640094      1
0.020530783838129004      1
0.020601525626326334      1
0.020672511165597013      1
0.020743741295820666      1
0.020815216859770825      1
0.020886938703124944      1
0.020958907674474343      1
0.02103112462533432      1
0.021103590410154183      1
0.02117630588632737      1
0.021249271914201593      1
0.021322489357088997      1
0.021395959081276422      1
0.02146968195603562      1
0.02154365885363352      1
0.021617890649342594      1
0.021692378221451196      1
0.02176712245127394      1
0.021842124223162153      1
0.021917384424514283      1
0.021992903945786478      1
0.022068683680503062      1
0.02214472452526714      1
0.022221027379771188      1
0.02229759314680768      1
0.022374422732279825      1
0.022451517045212248      1
0.022528876997761706      1
0.022606503505228005      1
0.022684397486064673      1
0.02276255986188994      1
0.022840991557497612      1
0.022919693500867967      1
0.02299866662317881      1
0.023077911858816445      1
0.023157430145386734      1
0.02323722242372621      1
0.023317289637913158      1
0.023397632735278857      1
0.023478252666418748      1
0.02355915038520368      1
0.023640326848791207      1
0.023721783017636885      1
0.02380351985550569      1
0.023885538329483386      1
0.02396783940998794      1
0.02405042407078107      1
0.024133293288979712      1
0.02421644804506761      1
0.024299889322906915      1
0.024383618109749775      1
0.024467635396250104      1
0.024551942176475244      1
0.02463653944791773      1
0.024721428211507128      1
0.024806609471621804      1
0.024892084236100898      1
0.024977853516256192      1
0.02506391832688409      1
0.025150279686277633      1
0.0252369386162385      1
0.025323896142089186      1
0.025411153292685066      1
0.02549871110042654      1
0.025586570601271386      1
0.025674732834746836      1
0.025763198843962005      1
0.025851969675620208      1
0.02594104638003127      1
0.026030430011124064      1
0.02612012162645892      1
0.026210122287240095      1
0.026300433058328476      1
0.026391055008253977      1
0.026481989209228354      1
0.026573236737157818      1
0.02666479867165571      1
0.02675667609605544      1
0.026848870097423105      1
0.026941381766570488      1
0.027034212198067935      1
0.027127362490257233      1
0.02722083374526476      1
0.027314627069014337      1
0.027408743571240454      1
0.027503184365501355      1
0.027597950569192176      1
0.02769304330355823      1
0.027788463693708253      1
0.02788421286862764      1
0.027980291961191974      1
0.028076702108180224      1
0.028173444450288354      1
0.02827052013214276      1
0.02836793030231375      1
0.028465676113329313      1
0.028563758721688527      1
0.02866217928787541      1
0.028760938976372614      1
0.02886003895567512      1
0.02895948039830418      1
0.029059264480821127      1
0.029159392383841305      1
0.029259865292048045      1
0.02936068439420664      1
0.02946185088317849      1
0.029563365955935172      1
0.029665230813572536      1
0.029767446661325095      1
0.02987001470858006      1
0.029972936168891826      1
0.03007621225999626      1
0.03017984420382506      1
0.030283833226520365      1
0.03038818055844907      1
0.03049288743421752      1
0.030597955092686095      1
0.03070338477698379      1
0.030809177734523026      1
0.03091533521701437      1
0.031021858480481276      1
0.03112874878527511      1
0.031236007396089865      1
0.031343635581977274      1
0.03145163461636177      1
0.0315600057770555      1
0.031668750346273596      1
0.03177786961064915      1
0.03188736486124859      1
0.0319972373935869      1
0.03210748850764288      1
0.03221811950787473      1
0.03232913170323522      1
0.03244052640718736      1
0.0325523049377199      1
0.03266446861736287      1
0.032777018773203305      1
0.03288995673690092      1
0.033003283844703774      1
0.033117001437464294      1
0.03323111086065489      1
0.03334561346438405      1
0.03346051060341226      1
0.03357580363716798      1
0.03369149392976386      1
0.03380758285001271      1
0.03392407177144383      1
0.034040962072319235      1
0.03415825513564987      1
0.03427595234921211      1
0.034394055105564085      1
0.0345125648020622      1
0.03463148284087765      1
0.034750810629012995      1
0.03487054957831884      1
0.03499070110551056      1
0.035111266632184925      1
0.03523224758483717      1
0.035353645394877606      1
0.03547546149864872      1
0.03559769733744215      1
0.03572035435751562      1
0.03584343401011029      1
0.03596693775146765      1
0.03609086704284694      1
0.0362152233505424      1
0.036340008145900535      1
0.03646522290533763      1
0.03659086911035721      1
0.03671694824756742      1
0.03684346180869888      1
0.03697041129062206      1
0.03709779819536518      1
0.0372256240301319      1
0.037353890307319136      1
0.03748259854453507      1
0.03761175026461691      1
0.037741346995649114      1
0.03787139027098135      1
0.0380018816292466      1
0.038132822614379565      1
0.038264214775634645      1
0.03839605966760452      1
0.038528358850238434      1
0.0386611138888606      1
0.03879432635418885      1
0.038927997822353136      1
0.03906212987491414      1
0.03919672409888216      1
0.03933178208673563      1
0.03946730543644018      1
0.03960329575146746      1
0.03973975464081405      1
0.039876683719020686      1
0.04001408460619109      1
0.040151958928011384      1
0.04029030831576922      1
0.04042913440637302      1
0.04056843884237148      1
0.04070822327197292      1
0.040848489349064786      1
0.040989238733233256      1
0.04113047308978281      1
0.04127219408975601      1
0.041414403409953254      1
0.04155710273295252      1
0.04170029374712947      1
0.041843978146677195      1
0.04198815763162645      1
0.04213283390786567      1
0.04227800868716112      1
0.04242368368717733      1
0.04256986063149717      1
0.04271654124964241      1
0.04286372727709417      1
0.04301142045531335      1
0.04315962253176136      1
0.04330833525992075      1
0.043457560399315864      1
0.04360729971553388      1
0.04375755498024543      1
0.043908327971225763      1
0.04405962047237572      1
0.044211434273742745      1
0.04436377117154229      1
0.04451663296817879      1
0.044670021472267195      1
0.04482393849865431      1
0.04497838586844021      1
0.04513336540899987      1
0.045288878954004734      1
0.04544492834344444      1
0.045601515423648584      1
0.045758642047308506      1
0.04591631007349932      1
0.04607452136770185      1
0.04623327780182462      1
0.04639258125422624      1
0.04655243360973732      1
0.04671283675968302      1
0.04687379260190533      1
0.047035303040785445      1
0.04719736998726653      1
0.047359995358876035      1
0.0475231810797486      1
0.04768692908064878      1
0.04785124129899376      1
0.04801611967887646      1
0.04818156617108842      1
0.04834758273314294      1
0.048514171329298215      1
0.04868133393058051      1
0.048849072514807614      1
0.04901738906661218      1
0.049186285577465114      1
0.04935576404569937      1
0.0495258264765333      1
0.0496964748820946      1
0.04986771128144407      1
0.05003953770059935      1
0.05021195617255922      1
0.05038496873732724      1
0.050558577441936245      1
0.050732784340472376      1
0.05090759149409937      1
0.051083000971083065      1
0.05125901484681583      1
0.051435635203840986      1
0.051612864131877725      1
0.051790703727845507      1
0.051969156095889125      1
0.05214822334740351      1
0.05232790760105861      1
0.05250821098282474      1
0.05268913562599735      1
0.0528706836712226      1
0.05305285726652255      1
0.053235658567320494      1
0.053419089736466634      1
0.05360315294426355      1
0.05378785036849192      1
0.05397318419443633      1
0.05415915661491095      1
0.05434576983028574      1
0.05453302604851231      1
0.05472092748515001      1
0.05490947636339241      1
0.055098674914093204      1
0.055288525375792937      1
0.05547902999474536      1
0.05567019102494393      1
0.05586201072814874      1
0.0560544913739129      1
0.05624763523960973      1
0.05644144461045956      1
0.05663592177955668      1
0.05683106904789668      1
0.05702688872440353      1
0.057223383125956845      1
0.05742055457741958      1
0.05761840541166513      1
0.05781693796960527      1
0.05801615460021771      1
0.0582160576605738      1
0.058416649515866725      1
0.058617932539439074      1
0.05881990911281126      1
0.059022581625709544      1
0.05922595247609424      1
0.059430024070188395      1
0.05963479882250581      1
0.05984027915587999      1
0.060046467501492645      1
0.060253366298902385      1
0.06046097799607378      1
0.06066930504940619      1
0.06087834992376275      1
0.06108811509249986      1
0.06129860303749599      1
0.06150981624918143      1
0.06172175722656757      1
0.061934428477276426      1
0.062147832517570584      1
0.06236197187238255      1
0.062576849075345      1
0.06279246666882057      1
0.06300882720393194      1
0.0632259332405921      1
0.06344378734753456      1
0.0636623921023438      1
0.06388175009148574      1
0.06410186391033827      1
0.06432273616322214      1
0.0645443694634316      1
0.06476676643326534      1
0.06498992970405774      1
0.06521386191620959      1
0.0654385657192197      1
0.06566404377171614      1
0.0658902987414875      1
0.06611733330551485      1
0.066345150150003      1
0.06657375197041256      1
0.06680314147149174      1
0.06703332136730827      1
0.0672642943812817      1
0.06749606324621549      1
0.06772863070432923      1
0.06796199950729151      1
0.0681961724162519      1
0.06843115220187408      1
0.06866694164436844      1
0.06890354353352486      1
0.06914096066874607      1
0.06937919585908034      1
0.06961825192325499      1
0.06985813168970977      1
0.07009883799663001      1
0.07034037369198069      1
0.07058274163353963      1
0.07082594468893168      1
0.07106998573566248      1
0.07131486766115244      1
0.07156059336277111      1
0.07180716574787135      1
0.07205458773382357      1
0.07230286224805064      1
0.07255199222806208      1
0.07280198062148913      1
0.07305283038611951      1
0.07330454448993233      1
0.07355712591113353      1
0.07381057763819061      1
0.07406490266986845      1
0.07432010401526462      1
0.0745761846938448      1
0.07483314773547885      1
0.0750909961804764      1
0.07534973307962295      1
0.07560936149421593      1
0.07586988449610081      1
0.07613130516770768      1
0.07639362660208752      1
0.07665685190294882      1
0.07692098418469455      1
0.07718602657245852      1
0.07745198220214282      1
0.07771885422045478      1
0.07798664578494395      1
0.07825536006403998      1
0.07852500023708953      1
0.07879556949439429      1
0.07906707103724864      1
0.07933950807797731      1
0.07961288383997374      1
0.07988720155773799      1
0.08016246447691491      1
0.080438675854333      1
0.0807158389580423      1
0.0809939570673536      1
0.08127303347287695      1
0.08155307147656077      1
0.08183407439173061      1
0.08211604554312878      1
0.08239898826695337      1
0.08268290591089789      1
0.08296780183419067      1
0.0832536794076349      1
0.08354054201364827      1
0.08382839304630314      1
0.08411723591136665      1
0.08440707402634087      1
0.08469791082050351      1
0.0849897497349483      1
0.0852825942226258      1
0.08557644774838409      1
0.08587131378901001      1
0.08616719583327014      1
0.08646409738195208      1
0.086762021947906      1
0.08706097305608589      1
0.08736095424359169      1
0.08766196905971085      1
0.08796402106596045      1
0.08826711383612915      1
0.08857125095631978      1
0.08887643602499153      1
0.08918267265300261      1
0.08948996446365304      1
0.08979831509272727      1
0.09010772818853752      1
0.09041820741196677      1
0.0907297564365121      1
0.09104237894832808      1
0.09135607864627056      1
0.0916708592419403      1
0.0919867244597269      1
0.09230367803685295      1
0.09262172372341805      1
0.09294086528244343      1
0.0932611064899163      1
0.09358245113483465      1
0.09390490301925186      1
0.09422846595832199      1
0.0945531437803447      1
0.0948789403268106      1
0.0952058594524468      1
0.09553390502526227      1
0.09586308092659389      1
0.09619339105115221      1
0.09652483930706762      1
0.09685742961593641      1
0.09719116591286742      1
0.09752605214652842      1
0.09786209227919299      1
0.09819929028678706      1
0.09853765015893644      1
0.09887717589901364      1
0.09921787152418542      1
0.09955974106546027      1
0.09990278856773603      1
0.10024701808984789      1
0.10059243370461635      1
0.10093903949889542      1
0.10128683957362083      1
0.10163583804385881      1
0.10198603903885461      1
0.10233744670208139      1
0.10269006519128929      1
0.10304389867855443      1
0.10339895135032857      1
0.10375522740748847      1
0.10411273106538563      1
0.10447146655389604      1
0.10483143811747046      1
0.1051926500151845      1
0.10555510652078902      1
0.10591881192276073      1
0.10628377052435278      1
0.10664998664364599      1
0.10701746461359962      1
0.1073862087821029      1
0.10775622351202613      1
0.10812751318127269      1
0.10850008218283061      1
0.1088739349248246      1
0.10924907583056824      1
0.10962550933861613      1
0.1100032399028167      1
0.11038227199236472      1
0.11076261009185427      1
0.11114425870133159      1
0.1115272223363486      1
0.11191150552801622      1
0.11229711282305793      1
0.11268404878386366      1
0.11307231798854356      1
0.11346192503098249      1
0.11385287452089414      1
0.11424517108387569      1
0.11463881936146232      1
0.11503382401118246      1
0.11543018970661269      1
0.1158279211374331      1
0.11622702300948261      1
0.11662750004481494      1
0.11702935698175426      1
0.11743259857495138      1
0.11783722959543994      1
0.11824325483069272      1
0.11865067908467862      1
0.11905950717791923      1
0.119469743947546      1
0.11988139424735728      1
0.120294462947876      1
0.12070895493640718      1
0.12112487511709573      1
0.12154222841098455      1
0.12196101975607254      1
0.1223812541073734      1
0.12280293643697393      1
0.12322607173409306      1
0.12365066500514063      1
0.12407672127377696      1
0.12450424558097206      1
0.12493324298506532      1
0.12536371856182543      1
0.12579567740451023      1
0.12622912462392727      1
0.12666406534849406      1
0.12710050472429887      1
0.12753844791516145      1
0.1279779001026943      1
0.12841886648636397      1
0.12886135228355247      1
0.12930536272961912      1
0.12975090307796225      1
0.1301979786000817      1
0.13064659458564098      1
0.13109675634253      1
0.13154846919692753      1
0.13200173849336466      1
0.1324565695947878      1
0.13291296788262222      1
0.13337093875683545      1
0.13383048763600158      1
0.13429161995736522      1
0.13475434117690563      1
0.13521865676940165      1
0.13568457222849595      1
0.13615209306676065      1
0.13662122481576205      1
0.13709197302612647      1
0.13756434326760536      1
0.13803834112914184      1
0.13851397221893652      1
0.1389912421645138      1
0.1394701566127886      1
0.13995072123013294      1
0.14043294170244336      1
0.1409168237352078      1
0.14140237305357353      1
0.1418895954024143      1
0.14237849654639892      1
0.1428690822700591      1
0.14336135837785802      1
0.14385533069425904      1
0.1443510050637943      1
0.14484838735113442      1
0.14534748344115747      1
0.14584829923901876      1
0.14635084067022053      1
0.1468551136806823      1
0.14736112423681116      1
0.14786887832557227      1
0.14837838195455982      1
0.1488896411520678      1
0.1494026619671618      1
0.14991745046975025      1
0.15043401275065646      1
0.15095235492169023      1
0.15147248311572079      1
0.15199440348674897      1
0.15251812220998007      1
0.15304364548189706      1
0.15357097952033355      1
0.15410013056454783      1
0.15463110487529635      1
0.15516390873490804      1
0.15569854844735823      1
0.15623503033834377      1
0.15677336075535744      1
0.1573135460677635      1
0.1578555926668723      1
0.15839950696601682      1
0.1589452954006279      1
0.15949296442831065      1
0.16004252052892085      1
0.1605939702046413      1
0.16114731998005932      1
0.1617025764022435      1
0.1622597460408214      1
0.16281883548805695      1
0.16337985135892888      1
0.16394280029120878      1
0.1645076889455396      1
0.16507452400551456      1
0.16564331217775596      1
0.16621406019199497      1
0.16678677480115095      1
0.16736146278141148      1
0.16793813093231227      1
0.168516786076818      1
0.16909743506140285      1
0.16968008475613147      1
0.1702647420547404      1
0.17085141387471933      1
0.17144010715739336      1
0.17203082886800491      1
0.1726235859957962      1
0.17321838555409158      1
0.17381523458038123      1
0.17441414013640383      1
0.17501510930823028      1
0.17561814920634772      1
0.17622326696574322      1
0.17683046974598873      1
0.17743976473132547      1
0.1780511591307491      1
0.1786646601780946      1
0.17928027513212247      1
0.17989801127660426      1
0.18051787592040883      1
0.18113987639758877      1
0.18176402006746709      1
0.18239031431472458      1
0.183018766549487      1
0.1836493842074128      1
0.18428217474978084      1
0.1849171456635791      1
0.1855543044615931      1
0.1861936586824947      1
0.18683521589093116      1
0.18747898367761506      1
0.18812496965941383      1
0.1887731814794399      1
0.18942362680714117      1
0.1900763133383916      1
0.1907312487955825      1
0.1913884409277139      1
0.1920478975104861      1
0.1927096263463914      1
0.1933736352648071      1
0.1940399321220876      1
0.19470852480165746      1
0.1953794212141049      1
0.1960526292972749      1
0.19672815701636373      1
0.19740601236401276      1
0.1980862033604033      1
0.19876873805335107      1
0.19945362451840198      1
0.20014087085892726      1
0.20083048520621957      1
0.20152247571958917      1
0.20221685058646008      1
0.2029136180224676      1
0.2036127862715551      1
0.20431436360607175      1
0.20501835832687      1
0.2057247787634043      1
0.20643363327382952      1
0.2071449302450996      1
0.20785867809306713      1
0.20857488526258242      1
0.20929356022759396      1
0.2100147114912485      1
0.21073834758599164      1
0.2114644770736684      1
0.21219310854562526      1
0.21292425062281128      1
0.2136579119558804      1
0.2143941012252933      1
0.2151328271414207      1
0.2158740984446462      1
0.21661792390546952      1
0.21736431232461056      1
0.21811327253311308      1
0.2188648133924498      1
0.21961894379462674      1
0.2203756726622888      1
0.22113500894882485      1
0.2218969616384742      1
0.2226615397464326      1
0.22342875231895892      1
0.22419860843348238      1
0.22497111719870946      1
0.2257462877547323      1
0.22652412927313648      1
0.2273046509571097      1
0.2280878620415502      1
0.2288737717931769      1
0.22966238951063817      1
0.23045372452462243      1
0.23124778619796835      1
0.23204458392577534      1
0.23284412713551525      1
0.2336464252871436      1
0.23445148787321166      1
0.23525932441897826      1
0.2360699444825233      1
0.23688335765486027      1
0.23769957356004995      1
0.23851860185531423      1
0.2393404522311501      1
0.24016513441144485      1
0.24099265815359075      1
0.2418230332486007      1
0.24265626952122352      1
0.24349237683006109      1
0.24433136506768435      1
0.24517324416075054      1
0.24601802407012074      1
0.24686571479097727      1
0.2477163263529427      1
0.24856986882019788      1
0.2494263522916015      1
0.25028578690080894      1
0.25114818281639284      1
0.2520135502419631      1
0.2528818994162877      1
0.2537532406134134      1
0.25462758414278813      1
0.2555049403493823      1
0.2563853196138115      1
0.2572687323524593      1
0.2581551890176      1
0.2590447000975232      1
0.25993727611665723      1
0.2608329276356941      1
0.26173166525171365      1
0.26263349959831006      1
0.2635384413457168      1
0.26444650120093327      1
0.2653576899078515      1
0.2662720182473829      1
0.26718949703758615      1
0.2681101371337952      1
0.26903394942874786      1
0.26996094485271377      1
0.270891134373625      1
0.271824528997205      1
0.27276113976709904      1
0.27370097776500507      1
0.2746440541108041      1
0.2755903799626929      1
0.2765399665173151      1
0.2774928250098942      1
0.2784489667143658      1
0.2794084029435121      1
0.2803711450490948      1
0.2813372044219898      1
0.282306592492322      1
0.2832793207296001      1
0.28425540064285304      1
0.2852348437807657      1
0.2862176617318156      1
0.2872038661244099      1
0.2881934686270233      1
0.28918648094833577      1
0.29018291483737146      1
0.2911827820836374      1
0.29218609451726274      1
0.2931928640091395      1
0.29420310247106235      1
0.29521682185587006      1
0.296234034157586      1
0.2972547514115613      1
0.2982789856946164      1
0.2993067491251844      1
0.3003380538634537      1
0.30137291211151274      1
0.30241133611349413      1
0.3034533381557192      1
0.30449893056684374      1
0.30554812571800344      1
0.30660093602296074      1
0.3076573739382515      1
0.3087174519633325      1
0.30978118264072874      1
0.31084857855618275      1
0.3119196523388029      1
0.312994416661213      1
0.3140728842397025      1
0.31515506783437586      1
0.31624098024930514      1
0.3173306343326804      1
0.31842404297696203      1
0.3195212191190331      1
0.32062217574035273      1
0.32172692586710955      1
0.3228354825703758      1
0.3239478589662621      1
0.3250640682160721      1
0.32618412352645904      1
0.32730803814958154      1
0.32843582538326044      1
0.3295674985711359      1
0.3307030711028258      1
0.33184255641408383      1
0.33298596798695845      1
0.3341333193499528      1
0.33528462407818366      1
0.3364398957935436      1
0.3375991481648611      1
0.3387623949080627      1
0.3399296497863348      1
0.3411009266102872      1
0.342276239238116      1
0.3434556015757678      1
0.3446390275771044      1
0.34582653124406687      1
0.3470181266268427      1
0.34821382782403126      1
0.3494136489828106      1
0.3506176042991045      1
0.35182570801775154      1
0.3530379744326725      1
0.3542544178870404      1
0.3554750527734489      1
0.35669989353408416      1
0.35792895466089486      1
0.3591622506957636      1
0.3603997962306794      1
0.36164160590790967      1
0.3628876944201742      1
0.3641380765108186      1
0.36539276697398904      1
0.3666517806548064      1
0.3679151324495433      1
0.36918283730579926      1
0.37045491022267796      1
0.3717313662509649      1
0.37301222049330474      1
0.37429748810438085      1
0.3755871842910942      1
0.3768813243127436      1
0.37817992348120527      1
0.37948299716111533      1
0.3807905607700508      1
0.38210262977871223      1
0.38341921971110693      1
0.3847403461447316      1
0.3860660247107584      1
0.38739627109421854      1
0.38873110103418845      1
0.39007053032397543      1
0.39141457481130526      1
0.3927632503985093      1
0.3941165730427127      1
0.39547455875602333      1
0.39683722360572055      1
0.3982045837144464      1
0.3995766552603957      1
0.4009534544775077      1
0.40233499765565744      1
0.40372130114084975      1
0.4051123813354118      1
0.4065082546981874      1
0.4079089377447313      1
0.4093144470475054      1
0.4107247992360743      1
0.41214001099730224      1
0.4135600990755505      1
0.41498508027287506      1
0.41641497144922623      1
0.41784978952264773      1
0.4192895514694769      1
0.4207342743245449      1
0.42218397518137957      1
0.4236386711924067      1
0.4250983795691533      1
0.42656311758245136      1
0.4280329025626413      1
0.42950775189977863      1
0.4309876830438383      1
0.4324727135049221      1
0.43396286085346464      1
0.4354581427204428      1
0.43695857679758315      1
0.43846418083757177      1
0.4399749726542644      1
0.4414909701228963      1
0.44301219118029517      1
0.4445386538250924      1
0.44607037611793643      1
0.4476073761817057      1
0.44914967220172425      1
0.4506972824259761      1
0.4522502251653214      1
0.45380851879371303      1
0.4553721817484136      1
0.45694123253021446      1
0.458515689703654      1
0.4600955718972375      1
0.4616808978036569      1
0.46327168618001313      1
0.46486795584803725      1
0.4664697256943133      1
0.46807701467050195      1
0.46968984179356393      1
0.47130822614598644      1
0.47293218687600774      1
0.47456174319784444      1
0.47619691439191786      1
0.4778377198050834      1
0.4794841788508587      1
0.4811363110096537      1
0.4827941358290002      1
0.48445767292378455      1
0.4861269419764788      1
0.48780196273737386      1
0.48948275502481325      1
0.4911693387254269      1
0.4928617337943675      1
0.4945599602555461      1
0.49626403820186915      1
0.4979739877954754      1
0.49968982926797595      1
0.5014115829206925      1
0.5031392691248981      1
0.504872908322058      1
0.5066125210240708      1
0.5083581278135125      1
0.5101097493438793      1
0.5118674063398321      1
0.5136311195974408      1
0.5154009099844322      1
0.5171767984404353      1
0.5189588059772298      1
0.5207469536789948      1
0.5225412627025572      1
0.5243417542776434      1
0.5261484497071299      1
0.5279613703672956      1
0.5297805377080734      1
0.5316059732533062      1
0.5334376986009998      1
0.5352757354235793      1
0.5371201054681455      1
0.5389708305567311      1
0.5408279325865607      1
0.5426914335303086      1
0.5445613554363594      1
0.5464377204290678      1
0.548320550709022      1
0.5502098685533052      1
0.5521056963157597      1
0.5540080564272513      1
0.5559169713959338      1
0.5578324638075169      1
0.5597545563255326      1
0.5616832716916034      1
0.5636186327257103      1
0.5655606623264654      1
0.5675093834713802      1
0.5694648192171395      1
0.571426992699872      1
0.5733959271354261      1
0.5753716458196437      1
0.5773541721286358      1
0.5793435295190594      1
0.5813397415283942      1
0.5833428317752223      1
0.5853528239595066      1
0.5873697418628725      1
0.5893936093488871      1
0.5914244503633438      1
0.5934622889345446      1
0.5955071491735842      1
0.5975590552746363      1
0.5996180315152377      1
0.6016841022565784      1
0.6037572919437878      1
0.6058376251062249      1
0.6079251263577671      1
0.6100198203971035      1
0.612121732008026      1
0.6142308860597224      1
0.6163473075070713      1
0.6184710213909359      1
0.6206020528384625      1
0.6227404270633758      1
0.6248861693662792      1
0.6270393051349512      1
0.6291998598446489      1
0.6313678590584079      1
0.6335433284273445      1
0.6357262936909605      1
0.6379167806774455      1
0.640114815303985      1
0.6423204235770654      1
0.6445336315927831      1
0.6467544655371507      1
0.6489829516864098      1
0.6512191164073404      1
0.6534629861575733      1
0.6557145874859015      1
0.6579739470325974      1
0.6602410915297254      1
0.6625160478014595      1
0.6647988427644003      1
0.6670895034278926      1
0.669388056894347      1
0.6716945303595586      1
0.6740089511130303      1
0.6763313465382936      1
0.6786617441132351      1
0.6810001714104202      1
0.6833466560974194      1
0.6857012259371361      1
0.6880639087881341      1
0.6904347326049685      1
0.6928137254385158      1
0.6952009154363062      1
0.6975963308428553      1
0.7000000000000002      1
0.7006999999999999      1.0092320767804739
0.704129473699918      1.0149019418631078
0.7075757324574334      1.0091684046448035
0.7110388584245565      1.0147706574288433
0.7145189341553783      1.010801531455813
0.7180160426080391      1.0117139761282727
0.7215302671467055      1.013567464405568
0.725061691543558      1.0100305498626396
0.7286103999807876      1.0145790979709495
0.7321764770526029      1.007681631005702
0.7357600077672463      1.0127227645281165
0.7393610775490207      1.0111151628947057
0.7429797722403259      1.0120845289005012
0.7466161781037045      1.0133579336239702
0.7502703818238986      1.0066201426467896
0.7539424705099163      1.0125824702820665
0.7576325316971078      1.008015914084558
0.7613406533492523      1.0128724226692476
0.7650669238606548      1.011644724283641
0.7688114320582535      1.0093973857672902
0.7725742672037368      1.0117099969682346
0.7763555189956717      1.0052327159384158
0.7801552775716414      1.0126727967852729
0.7839736335103945      1.0096001619479975
0.7878106778340039      1.0112023347769552
0.7916665020100371      1.010291731985376
0.7955411979537357      1.007961541059941
0.7994348580302073      1.0117194380496513
0.8033475750566272      1.0063475541367726
0.8072794423044504      1.0121830810236263
0.8112305535016356      1.008358899546332
0.8152010028348794      1.009514175567764
0.8191908849518612      1.009945798078846
0.8232002949634997      1.0072921377141058
0.8272293284462201      1.0120658700758165
0.8312780814442324      1.0060501362307777
0.8353466504718211      1.0102620705662768
0.8394351325156456      1.00783039969235
0.8435436250370524      1.0084825382671467
0.8476722259743982      1.010005530379862
0.8518210337453846      1.006953791393346
0.8559901472494048      1.0105927673575903
0.8601796658698998      1.005639222732513
0.864389689476729      1.009137186119951
0.8686203184285498      1.007795974607182
0.8728716535752107      1.007830458031946
0.8771437962601547      1.0101595600203923
0.8814368483228356      1.0053044379599725
0.8857509121011458      1.0095040669549153
0.890086090433855      1.0056454469815443
0.8944424866630628      1.008349066100783
0.8988202046366611      1.0078453015327054
0.9032193487108106      1.0071842232804287
0.9076400237524274      1.009801596949458
0.9120823351416839      1.0040311955846914
0.9165463887745201      1.0087541048162916
0.9210322910651683      1.0057676025916518
0.9255401489486895      1.007607175822444
0.930070069883523      1.0077062588208379
0.9346221618540477      1.006279423796074
0.9391965333731558      1.0091283390261683
0.9437932934848406      1.003939500227742
0.9484125517667948      1.0079679517072835
0.9530544183330236      1.0056463727870208
0.9577190038364686      1.0066272404954264
0.9624064194716463      1.0072051988917965
0.9671167769772984      1.0050482194354076
0.9718501886390555      1.0085564213847287
0.976606767292114      1.004188857335875
0.9813866263239256      1.007285085208517
0.9861898796769003      1.0055316700818093
0.9910166418511223      1.0056900047144604
0.99586702790708      1.0066352200190603
1.0007411534684088      1.003780592298178
1.0056391347246463      1.0074509512248506
1.0105610884340035      1.0046167705156965
1.0155071319261473      1.0068166050041378
1.020477383104997      1.0055287550731509
1.0254719604515359      1.004908767227278
1.030490983026635      1.006137696591453
1.0355345704738916      1.002637273480837
1.0406028430224805      1.0064031730215162
1.0456959214900212      1.0040594561306002
1.0508139272854566      1.0062871516902807
1.055956982411949      1.005758552676114
1.0611252094697865      1.0044203792172883
1.0663187316593066      1.0058733885461433
1.071537672783833      1.001793158120569
1.0767821572526266      1.0056120654777907
1.082052310083851      1.0036224865955048
1.0873482569075534      1.0049445211575352
1.0926701239686585      1.0051110433329427
1.0980180381299784      1.0038434064522592
1.1033921268752367      1.005999915941641
1.1087925183121075      1.0023220286501107
1.1142193411752692      1.005256578238231
1.119672724829473      1.0035868610239254
1.1251527992726276      1.0040990664411862
1.1306596951388967      1.0044501518071467
1.1361935437018142      1.0025078161139294
1.141754476877413      1.0048914296253002
1.1473426272273701      1.0022211698099817
1.1529581279621657      1.0048921426992992
1.1586011129442595      1.0040836168057024
1.1642717166912815      1.0038925118705695
1.169970074379238      1.004412050767234
1.1756963218457357      1.0018878606300772
1.1814505955932175      1.0043114512932194
1.1872330327922178      1.0019454228932265
1.1930437712846327      1.0037824845681367
1.1988829495870041      1.0031668727729435
1.2047507068938244      1.0028147240049603
1.2106471830808518      1.003958026635658
1.2165725187084468      1.0013998016625143
1.2225268550249215      1.0043092234862767
1.2285103339699075      1.0024421783832873
1.2345230981777389      1.0035462601403784
1.2405652909808529      1.0031164834515802
1.2466370564132063      1.0021571174814738
1.2527385392137096      1.0033794140707735
1.2588698848296753      1.0004386589428524
1.265031239420288      1.0032255551602074
1.2712227498600865      1.0018119297622845
1.2774445637424652      1.0026513871732476
1.2836968293831934      1.0027703904828051
1.2899796958239498      1.0016547252231494
1.2962933128358758      1.003310670875303
1.3026378309231461      1.0010207972348177
1.3090134013265562      1.003167863271193
1.315420176027127      1.0019660934815922
1.3218583077497281      1.0021988480402306
1.3283279499667198      1.0024397502789395
1.3348292569016091      1.000837789333736
1.3413623835327286      1.0025226772474263
1.3479274855969285      1.0004812417256346
1.3545247195932915      1.00221559619216
1.361154242786861      1.0015178686799302
1.3678162132123919      1.0015202338402012
1.374510789678117      1.0021683939193085
1.3812381317695326      1.0004394164539494
1.3879983998532028      1.0024345489954134
1.3947917550805824      1.0009048645344005
1.4016183593918592      1.002128491069017
1.4084783755198125      1.0015872202636928
1.4153719669936935      1.0011018653818764
1.4222992981431246      1.0018280618670325
1.4292605341020141      0.9997208016599554
1.436255840812495      1.0017134394043872
1.4432853850288787      1.0003795092850807
1.450349334321633      1.0012471002419803
1.457447857081373      1.0010987838876162
1.464581122522878      1.0004335436759764
1.4717493006891245      1.0014709821374308
1.4789525624553386      0.9994366640663476
1.4861910795330708      1.0015004268113432
1.4934650244742893      1.0005778259372495
1.5007745706754911      1.001191974314173
1.5081198923818386      1.0012309452985022
1.5155011646913101      1.0001765821378998
1.5229185635588773      1.0012584838144556
1.530372265800696      0.9994341949683013
1.5378624490983233      1.000969744022707
1.5453892920029535      1.0001963469232373
1.552952973939673      1.000369605261233
1.560553675211738      1.0006472303642266
1.568191577004872      0.9994632795402975
1.5758668613915874      1.0007916505017749
1.5835797113355221      0.9993655939352933
1.5913303106958032      1.000634743208015
1.5991188442314304      1.0001986843424961
1.6069454976056778      1.0001808261368437
1.6148104573905224      1.0007340005747158
1.6227139110710898      0.9993609556396311
1.6306560470501243      1.0006981249093183
1.6386370546524807      0.9994226066099722
1.6466571241296346      1.0002485151358076
1.6547164466642221      0.9999119422294849
1.6628152143745933      0.9995254826934296
1.6709536203193935      1.0001287021025012
1.6791318585021653      0.9985336564024438
1.6873501238759743      1.0000776908007467
1.695608612348054      0.999136813074877
1.703907520784478      0.9997635247419198
1.712247047014852      0.9997127718331575
1.72062738983703      0.9991906758590413
1.7290487490218522      1.0000323192212761
1.7375113253179084      0.9985530125142039
1.746015320456324      1.00000577005779
1.7545609371555664      0.9991843861423929
1.7631483791262794      0.9994519777809694
1.7717778510761395      0.9994796844679119
1.780449558714734      0.998656518184091
1.7891637087584658      0.9995361651583333
1.7979205089354822      0.9981956368732322
1.8067201679906235      0.9993576078251006
1.8155628956904033      0.9988249776450794
1.8244489028280049      0.9989477193840646
1.833378401228309      0.9992273615471251
1.8423516037529424      0.9983097685152481
1.851368724305351      0.9994063166886885
1.8604299778359004      0.9983706390529209
1.8695355803470004      0.9992613954348593
1.8786857488982507      0.9988158849167837
1.8878807016116195      0.9986311391546476
1.8971206576766406      0.998966716077102
1.9064058373556378      0.9977852526324206
1.915736461988978      0.9989076846392588
1.925112754000346      0.9979748135701498
1.934534936902046      0.9986414457395002
1.9440032353003314      0.998456890433041
1.953517874900757      0.9981702873363633
1.9630790825135611      0.9987414448694143
1.9726870860590728      0.9974964082442194
1.982342114573141      0.9988312815685256
1.9920443982125995      0.998049012220152
2.001794168260751      0.9984098115719254
2.011591657132878      0.9982906758062433
2.021437098381789      0.9977311941463484
2.031330726703381      0.9983455948109152
2.0412727779422344      0.9970704295379113
2.0512634890972388      0.9982158097066349
2.06130309832724      0.9976393956230107
2.0713918449567146      0.9979031509545816
2.0815299694814815      0.998035083916999
2.0917177135744285      0.9974091289197341
2.1019553200912777      0.998259824520385
2.112243033076373      0.9971103765427033
2.1225810977684962      0.9979576370161996
2.1329697606067155      0.9974503812098308
2.1434092692362596      0.9974405320830977
2.1538998725144194      0.9976261131804118
2.164441820516482      0.9967495561401347
2.1750353645416913      0.9976393485988141
2.185680757119239      0.9967257517520862
2.196378252014283      0.9974917988175761
2.2071281042339996      0.9972509633634147
2.217930570033658      0.9971848802663548
2.2287859069227327      0.9974601811232252
2.2396943736710417      0.9963404749068259
2.2506562303149114      0.9972694606950786
2.2616717381633795      0.9964267708726353
2.272741159804424      0.996925174165205
2.283864759111218      0.9967449749227515
2.295042801248426      0.9964261718228429
2.306275552678522      0.9969152464058105
2.3175632811681393      0.9957667322100235
2.328906255794459      0.9969581198615723
2.340304746951619      0.9962785361990881
2.351759026357162      0.9965227953695398
2.363269367058514      0.9964012887975991
2.374836043439489      0.9958437033622983
2.3864593312268347      0.9963904053491759
2.3981395074968033      0.9952604198730607
2.409876850681754      0.9962498188753749
2.4216716405767937      0.995760267345493
2.433524158346447      0.995981709977323
2.445434686531354      0.9961469678770177
2.4574035090550117      0.9953565046605437
2.4694309112305373      0.9959554865272857
2.4815171797674718      0.9948979408045104
2.493662602778614      0.9956423985147141
2.50586746978689      0.9952211544120962
2.518132071732251      0.9952102068694748
2.5304567009786134      0.99543874051059
2.5428416513208254      0.9946604772586358
2.5552872179916704      0.9955539070125106
2.567793697668907      0.9945800584330026
2.5803613884823378      0.9950899975635815
2.5929905900209196      0.9947383598532127
2.605681603339904      0.9945053157709444
2.6184347309680107      0.9947998224443871
2.6312502769146455      0.9938124146689098
2.644128546677142      0.9947682078321625
2.6570698472480454      0.9941087317311402
2.670074487122432      0.9945420909689972
2.683142776305262      0.9942523366590648
2.6962750263187685      0.9937965409518142
2.7094715502098863      0.9941467937971125
2.722732662557712      0.9929492516013996
2.7360586794810025      0.993955206993729
2.749449918645714      0.9933667330950823
2.762906699272569      0.9936821950733279
2.776429342144672      0.9936735586210066
2.790018169615154      0.9930157519780651
2.8036735056148525      0.9934373066695077
2.8173956756600402      0.992321715043798
2.8311850068601823      0.9931266286824877
2.8450418279257303      0.9926261562254052
2.858966469175963      0.9927454166164208
2.8729592625468596      0.9928737758387801
2.887020541599008      0.9922018087699156
2.9011506415255632      0.9926989759836473
2.9153498991602325      0.9916801660493447
2.929618652985306      0.9922881895399392
2.943957243139727      0.9918818525333076
2.9583660114271986      0.9918189988928917
2.9728453013243317      0.9920380586594137
2.9873954579888347      0.9912965280437698
3.0020168282677377      0.9919263366068797
3.016709760705665      0.9910116510380501
3.0314746055531416      0.9914371431621346
3.04631171477494      0.9911317148918718
3.061221442058475      0.9909021736100004
3.0762041428222333      0.9912181783036303
3.0912601742242427      0.9903269635202026
3.106389895170591      0.9911247573075133
3.1215936663239794      0.9903219209143124
3.136871850112318      0.9905803271440082
3.1522248107373696      0.9903828841811353
3.167652914183429      0.9900031828804308
3.1831565282260446      0.9904225311744377
3.1987360224407935      0.9894343297979528
3.214391768212081      0.9903077059583628
3.230124138742003      0.9896246999277194
3.2459335090592387      0.9897326210587618
3.261820256027986      0.989650451813883
3.2777847583569546      0.9891321731808351
3.293827396608386      0.989641123261516
3.3099485532071276      0.9887705935466068
3.3261486124497504      0.9894188389870033
3.3424279605137093      0.9888324941482072
3.3587869854665455      0.9887746907766297
3.3752260772751437      0.9887821601255996
3.391745627815023      0.988123347065907
3.4083460308796782      0.9887344463212091
3.4250276821899717      0.9879952101971313
3.4417909794035606      0.9884074229614506
3.4586363221243825      0.9879522873228577
3.4755641119121767      0.9877754252183637
3.492574752292057      0.9879083426367129
3.5096686487641326      0.9871498946220827
3.5268462088131756      0.9878799892660103
3.5441078419183283      0.9871506294028526
3.561453959562873      0.9874322406316692
3.5788849752440353      0.987115588349727
3.5964013044828413      0.9868376718329241
3.614003364834026      0.9871027600763181
3.6316915758959847      0.9862628344508025
3.649466359320773      0.987086384780298
3.6673281388241654      0.9863475940884351
3.685277340195747      0.9865267369015284
3.70331439130907      0.9863553650895621
3.721439722131852      0.9859941333668611
3.739653764736221      0.9863977088210484
3.7579569533090234      0.9855638002149179
3.7763497241621677      0.9861988307195105
3.7948325157430256      0.9856046878455909
3.8134057686448872      0.9856654795299935
3.8320699256174637      0.9856024295765333
3.8508254315774355      0.985132992760643
3.869672733619066      0.9856358460881358
3.8886122810248565      0.9846968622775325
3.9076445252762526      0.985177550553979
3.9267699200644124      0.9847172973519245
3.94598892130102      0.9846974197858317
3.9653019871291493      0.9847880182100288
3.9847095779341912      0.9842666965385837
4.004212156354823      0.9846769625319405
4.0238101872940435      0.9838448318887812
4.043504137930247      0.9842526001334112
4.063294477728365      0.9839584433571503
4.0831816784510595      0.9838845454171342
4.103166214169963      0.9841350370991389
4.123248561276983      0.9833063703602979
4.143429198495657      0.9838016433982758
4.163708606892565      0.9831477100147029
4.184087269888799      0.9834992077606347
4.204565673271482      0.9833765149617609
4.225144305205353      0.9832329029759862
4.2458236562444      0.9833406357572961
4.266604219343559      0.982452193162161
4.287486489870458      0.9830481449690275
4.308470965617233      0.9825271752693739
4.329558146812389      0.9827852264748128
4.350748536132724      0.9826709644601453
4.372042638715319      0.9821813233215442
4.393440962169573      0.982405492337688
4.414944016589301      0.9815591798609881
4.436552314564902      0.9822170081739628
4.458266371195574      0.9818805468497768
4.480086704101589      0.9818858989116309
4.502013833436638      0.9817625204300063
4.52404828190023      0.9812594097223195
4.546190574750146      0.981651644466005
4.568441239814969      0.9809999402858143
4.5908008075066595      0.9815720630458407
4.6132698108331995      0.981124387996374
4.635848785411307      0.981038579411589
4.658538269479189      0.9810941581615495
4.681338803909388      0.9805908783220965
4.704250932221668      0.9811549975488185
4.7272752005959635      0.9804956922569453
4.750412157885416      0.9807605568310979
4.773662355629443      0.9804471038133237
4.7970263480668915      0.9803016052956718
4.820504692149251      0.9804809709338673
4.84409794755393      0.9798584428538668
4.867806676697591      0.9802422043951413
4.891631444749568      0.9796335631373192
4.915572819645332      0.9798799085252625
4.9396313721000285      0.9797545543823615
4.963807675622089      0.9796159191818706
4.988102306526895      0.979720593039812
5.0125158439505215      0.978901227420713
5.03704886986354      0.9794596029148331
5.061701969084888      0.9790494832457678
5.08647572929582      0.9793006709647705
5.111370741053909      0.979205054334296
5.13638759780712      0.9787929179952773
5.161526895907969      0.979047305734578
5.186789234627732      0.9783709921622997
5.212175216170722      0.9789600830590399
5.2376854456886655      0.9786328287125337
5.263320531295107      0.9785582881578371
5.289081084079916      0.9784663812736885
5.314967718123854      0.9780211391544221
5.340981050513206      0.9783986676651603
5.367121701354502      0.9778522334732375
5.39339029378929      0.9781386819249679
5.41978745400899      0.9777811073691881
5.446313811269829      0.9777201083291128
5.4729699979078354      0.9778218030567343
5.499756649353912      0.9774129560729682
5.526674404148987      0.9777269926911615
5.553723903959234      0.9771206914986994
5.5809057935913655      0.9774279237430618
5.608220721008009      0.9772711314089418
5.635669337343151      0.9772432188498428
5.663252296917652      0.9773303326092749
5.6909702572548575      0.9766783312827438
5.718823879096262      0.9771019247245848
5.746813826417261      0.9766599574853753
5.7749407664429855      0.9769366995839216
5.803205369664194      0.9767374948572152
5.831608309853272      0.9764057400739273
5.860150264080283      0.9765502079778395
5.888831912729107      0.9758912277517171
5.917653939513669      0.9764827775181014
5.946617031494231      0.9760675835619338
5.975721879093767      0.976099048186375
6.004969176114428      0.976001402771083
6.03435961975408      0.9757171277131343
6.063893910622917      0.9760574333038518
6.093572752760172      0.9754309308319286
6.123396853650895      0.975811448695425
6.153366924242813      0.9754862913832844
6.183483678963289      0.9755558103398527
6.213747835736341      0.9756494030991426
6.244160115999764      0.9752459280718493
6.274721244722327      0.9754403584263919
6.305431950421046      0.974836908049536
6.336292965178563      0.9751905994214295
6.367305024660591      0.9750064080534705
6.398468868133446      0.9749095785542824
6.429785238481681      0.9748765532650949
6.461254882225789      0.9743690527546509
6.49287854953999      0.9747592929401011
6.5246569942701305      0.9743670293304258
6.556590973951645      0.9745979411576892
6.588681249827608      0.9743508109720821
6.620928586866895      0.9741979818088586
6.653333753782402      0.9743655419679359
6.685897523049383      0.9739233666105039
6.718620670923861      0.9743165809394746
6.751503977461123      0.9738676794009186
6.784548226534328      0.9740102865253507
6.81775420585319      0.9739064958326628
6.851122706982746      0.973752599122062
6.884654525362237      0.9738301068882048
6.918350460324064      0.9731274082173214
6.9522113151128435      0.9735735891465893
6.986237896904555      0.9732669839049057
7.020431016825786      0.973447517344421
7.0547914899730575      0.9732866716584475
7.089320135432268      0.9729332468817988
7.124017776298208      0.9731694605906898
7.158885239694193      0.9726771843981756
7.193923356791757      0.9731485083127456
7.229132962830494      0.9727908952614132
7.264514897137956      0.9727747275588181
7.3000700031496555      0.9728122676209998
7.335799128429179      0.9725163473653332
7.371703124688395      0.9728087268841892
7.407782847807737      0.9722107508343866
7.444039157856633      0.972450542616271
7.480472919113989      0.9722315556036776
7.517085000088801      0.972214992704363
7.553876273540857      0.9722546966885645
7.59084761650153      0.9717240523190789
7.627999910294705      0.972032215836505
7.6653340405577755      0.9716366494924616
7.702850897262756      0.9719429288699118
7.7405513747375      0.9717442078167589
7.778436371687022      0.9715460255170583
7.816506791214904      0.9716654267537583
7.854763540844848      0.9712129576187307
7.893207532542298      0.97171933477882
7.931839682736174      0.9712858234247007
7.9706609123407315      0.9713572960541035
8.009672146777492      0.9712274755168491
8.048874315997327      0.9710358524214492
8.088268354502622      0.9712294429299053
8.127855201369535      0.9705607953690671
8.167635800270405      0.9709245340621404
8.207611099496235      0.9706262771501969
8.247782051979293      0.9707536551345048
8.288149615315842      0.9707052942472378
8.328714751788956      0.9703448475149863
8.369478428391467      0.9705480608436969
8.410441616849011      0.9700894618103268
8.451605293643192      0.9705261836146
8.492970440034854      0.9702412535052495
8.53453804208749      0.9701857048147849
8.576309090690728      0.9701952517450776
8.618284581583968      0.969884267868766
8.660465515380107      0.9701936009332434
8.702852897589388      0.9696302967583983
8.745447738643389      0.9698249502593582
8.788251053919092      0.9696250092657009
8.831263863763096      0.9695924219368186
8.874487193515932      0.9696587568743249
8.91792207353652      0.9691525529019438
8.961569539226705      0.969441113611333
9.005430631055969      0.9690862398827905
9.049506394586214      0.9693593390450028
9.093797880496695      0.9691871533247978
9.138306144609059      0.968994862831686
9.183032247912527      0.9691190252313736
9.22797725658916      0.9686961557932667
9.2731422420393      0.9691142683715045
9.31852828090711      0.9686771080957268
9.364136455106216      0.9687240304800335
9.409967851845526      0.9686207055250887
9.456023563655114      0.9684428830952617
9.502304688412302      0.9685952764281673
9.5488123293678      0.9679953564590252
9.595547595172025      0.9683326248603954
9.642511599901518      0.9680810075283943
9.689705463085506      0.968206049147257
9.737130309732578      0.9681188322421389
9.78478727035753      0.9677907463477655
9.832677481008284      0.9680077147372961
9.880802083292993      0.9676140515257937
9.92916222440724      0.9679792935017008
9.977759057161379      0.9676822534711335
10.02659374000804      0.9676087397496915
10.075667437069722      0.9676028858065646
10.124981318166556      0.967293369165727
10.174536558844185      0.967508508287214
10.224334340401791      0.9670177243896787
10.27437584992024      0.9672133303292473
10.324662280290406      0.9670641936154372
10.375194830241586      0.9670542949284836
10.425974704370086      0.9670294047669226
10.477003113167928      0.9665771662897094
10.52828127305172      0.9668875022948386
10.579810406391625      0.9666008402029184
10.631591741540532      0.9668000634599255
10.683626512863324      0.9666223876234644
10.735915960766295      0.9664450425869643
10.788461331726738      0.9665516923856999
10.841263878322628      0.9661353471502883
10.894324859262516      0.9663943111893463
10.947645539415513      0.9660112291607924
11.001227189841446      0.9660770905405145
11.055071087821158      0.9660297154418652
11.109178516886965      0.96585144630216
11.163550766853227      0.9659151394357239
11.218189133847122      0.9654030440228545
11.273094920339538      0.9657524370759623
11.328269435176109      0.9655714662349956
11.383713993608422      0.9655847744852981
11.439429917325382      0.9655106198236468
11.495418534484685      0.9652311435341613
11.55168117974452      0.9654609690307587
11.608219194295359      0.9651067576490377
11.665033925891933      0.9652498178093841
11.722126728885373      0.9649730454570885
11.779498964255458      0.9649192182409468
11.837151999643108      0.964972910878509
11.895087209382952      0.9646101297944681
11.9533059745361      0.9647727303194988
12.011809682923063      0.9643702132725079
12.070599729156845      0.9645976221506336
12.129677514676157      0.964521212580123
12.189044447778867      0.9643440632230869
12.248701943655549      0.9643723483784122
12.308651424423212      0.963990762061914
12.368894319159223      0.9643397475781488
12.429432063935337      0.9640343340270561
12.49026610185197      0.9640724573760738
12.551397883072578      0.9639008375699303
12.612828864858228      0.9637358766219644
12.674560511602339      0.9638899882344713
12.736594294865597      0.9633384822170817
12.798931693411006      0.9635995133124637
12.86157419323918      0.9633049652347628
12.924523287623737      0.9634189579563788
12.987780477146906      0.9633665754670007
13.051347269735295      0.9630749764665743
13.115225180695848      0.9632049155180147
13.179415732751934      0.9627915974908183
13.243920456079692      0.9631784333767117
13.308740888344474      0.9628988169598877
13.373878574737512      0.9628462903010194
13.439335068012758      0.9627866950714142
13.50511192852387      0.9625236654092864
13.57121072426145      0.9627072553556822
13.637633030890393      0.9622061211535082
13.704380431787458      0.9623932414716468
13.771454518079006      0.9622055105470038
13.838856888678942      0.9622133164543848
13.9065891503268      0.9621664351802551
13.97465291762609      0.961774438409196
14.04304981308275      0.962005109092634
14.11178146714384      0.9617004460869754
14.180849518236407      0.9619133384688504
14.25025561280654      0.9617059091869773
14.320001405358603      0.9615676293607968
14.390088558494707      0.96162591134847
14.460518742954319      0.961279175143724
14.531293637654096      0.961459399405122
14.602414929727917      0.9610668702002918
14.673884314567069      0.9611502737125522
14.7457034958607      0.9610673823762441
14.817874185636418      0.9609095529041913
14.890398104301088      0.9609259340267728
14.963276980681867      0.9604394197645146
15.0365125520674      0.9607700533580417
15.110106564249223      0.9605724498066655
15.184060771563411      0.9605758494294916
15.258376936932377      0.9604739733673279
15.333056831906898      0.9602501444059082
15.408102236708352      0.9604229265778421
15.483514940271133      0.9600107799401468
15.559296740285331      0.9601688898071191
15.635449443239562      0.9598832268255032
15.711974864464036      0.9598686332035479
15.788874828173832      0.9598894204066692
15.866151167512388      0.959524558436587
15.943805724595174      0.9596434165556028
16.02184035055365      0.959248453791731
16.10025690557935      0.9594967701640166
16.17905725896826      0.9593286081523577
16.25824328916535      0.9591980570932173
16.337816883809374      0.9592002975362625
16.417779939777837      0.9588913987297463
16.498134363232253      0.9591756688207383
16.578882069663567      0.9587641615268895
16.6600249839378      0.9588333692872476
16.741565040341964      0.9586530860262533
16.823504182630135      0.9585453703977321
16.905844364069825      0.9585828440936679
16.988587547488528      0.9580961383312571
17.07173570532051      0.9583161426219008
17.155290819653818      0.958027894020244
17.239254882277557      0.9581815690824552
17.32362989472933      0.9579978815814638
17.408417868342983      0.9577763675881034
17.493620824296553      0.957881060742242
17.579240793660425      0.9574874742997822
17.66527981744576      0.9577826808681668
17.751739946653167      0.957462905121812
17.838623242321546      0.9574499250450926
17.925931775577276      0.957373549604991
18.013667627683553      0.9571739457796483
18.101832890090012      0.9571929080242226
18.190429664482593      0.9567163954620249
18.279460062833603      0.9569406932852004
18.368926207452116      0.9567575551795111
18.458830231034522      0.9567076040517074
18.549174276715394      0.9566161854104319
18.63996049811855      0.9563075215412873
18.731191059408427      0.9565141514999413
18.82286813534161      0.9562078244981643
18.91499391131875      0.9563130919096223
19.0075705834366      0.9561045068009214
19.100600358540397      0.9560144391083499
19.194085454276472      0.9560408801286543
19.288028099145063      0.9556286521440258
19.38243053255351      0.9557485623431309
19.477295004869596      0.95537738559893
19.5726237774752      0.9555123871335905
19.6684191228202      0.9553952945769524
19.764683324476664      0.9551680010422459
19.86141867719324      0.9551789608340922
19.958627486949904      0.9547859722405014
20.056312071012922      0.9550928998804784
20.154474757990073      0.9547618879183553
20.253117887886162      0.9547849707635092
20.35224381215882      0.954685216663124
20.45185489377452      0.9545220909549322
20.551953507264944      0.9545918652193145
20.652542038783576      0.9540399605749799
20.753622886162567      0.9542444697968779
20.85519845896993      0.9539774820653033
20.95727117856692      0.9540263755258889
21.059843478165817      0.9538804289054453
21.162917802887897      0.953569446263464
21.266496609821722      0.9536813681443751
21.37058236808172      0.9533149639157553
21.475177558867045      0.9535336736185562
21.580284675520684      0.9532532290321897
21.685906223588965      0.9531944220918416
21.792044720881226      0.9532006082015383
21.898702697529863      0.9529676484818522
22.005882696050634      0.953005013151064
22.113587271403276      0.9525572388184602
22.221818991052373      0.9526765448753896
22.330580435028615      0.9525118355160466
22.439874195990278      0.9523753018240153
22.54970287928501      0.952298879338786
22.660069103011974      0.9519064500879777
22.770975498084194      0.952117991447086
22.882424708291357      0.9518395305040814
22.994419390362772      0.9518546245207556
23.106962214030727      0.9516760248367212
23.22005586209412      0.951534609703662
23.33370303048243      0.9516412475199464
23.447906428319932      0.9512123593844525
23.562668777990353      0.9513432355705244
23.677992815201712      0.9510008614601488
23.79388128905155      0.9510382613450277
23.910336962092487      0.9509343555776134
24.027362610398004      0.950621206250342
24.14496102362871      0.9506444444484906
24.263135005098786      0.9502029135382818
24.381887371842822      0.950482224675504
24.501220954682985      0.9501692377688619
24.62113859829648      0.950102167312825
24.741643161283342      0.9500237933437702
24.86273751623465      0.949801616871354
24.984424549800927      0.949941391638702
25.106707162761012      0.9494869541298997
25.22958827009116      0.9496039903345954
25.35307080103457      0.9493646389173872
25.477157699171162      0.9493227030191248
25.601851922487803      0.9491813504018756
25.7271564434488      0.9487887884731201
25.853074249066733      0.9489102436414539
25.9796083409737      0.9485695403155429
26.106761735492814      0.9486745099104874
26.23453746371017      0.9484167436071661
26.36293857154706      0.9482692468006383
26.4919681198326      0.9482895897488829
26.621629184376673      0.947978725597587
26.751924856043296      0.9480883222918215
26.882858240824206      0.9477341695506031
27.01443245991302      0.9477809249202787
27.146650649779563      0.9476423880023459
27.279515962244645      0.9474032959731461
27.41303156455521      0.9473419867828444
27.547200639459845      0.9468714715887292
27.682026385284583      0.9470897678643453
27.817512016009246      0.9468106297875651
27.953660761343997      0.9467350652582354
28.090475866806333      0.946575582887109
28.227960593798493      0.9463491444555278
28.366118219685116      0.9464667716244373
28.50495203787147      0.9459845308567904
28.644465357881895      0.94614570123716
28.784661505438727      0.9458900670158724
28.925543822541545      0.9458670867594339
29.06711566754689      0.945761032074633
29.20938041524823      0.9453739222513753
29.352341456956516      0.945408989700763
29.49600220058096      0.9449934835507623
29.640366070710286      0.9451754240714245
29.785436508694367      0.944855276169258
29.931216972726276      0.9447009283190607
30.077710937924657      0.9446382026828176
30.224921896416667      0.9443340483503484
30.372853357421146      0.9444521906123557
30.5215088473323      0.9440243509480364
30.67089190980376      0.9441059421988328
30.82100610583302      0.9439473196721326
30.97185501384639      0.9438397949654912
31.123442229784256      0.9437070140078744
31.275771367186806      0.9432452009899115
31.428846057280165      0.9433753386939919
31.582669949062993      0.9430568116523239
31.737246709393386      0.9430353646018708
31.89258002307638      0.9427970901296183
32.04867359295175      0.9425650945304774
32.20553113998228      0.9425976458207048
32.36315640334245      0.942171369570386
32.52155314050757      0.9422902217254343
32.680725127343386      0.9419586065593845
32.840676158196075      0.9419617629346426
33.00141004598266      0.9418986349309633
33.16293062228195      0.9415834309423883
33.32524173742585      0.9415454822060256
33.488347260591134      0.941067043862541
33.65225107989172      0.9412333942594415
33.81695710247133      0.9409345078192043
33.98246925459661      0.9407719144278088
34.148791481750756      0.9406281341640195
34.31592774872758      0.9403193722053279
34.48388203972594      0.940445733714734
34.652658358444825      0.9399477072550406
34.822260728178705      0.940016077168834
34.99269319191352      0.9397791014535964
35.16395981242298      0.9397047503232858
35.33606467236544      0.9396293236963146
35.50901187438125      0.9392131538435381
35.68280554119055      0.9392681587029338
35.857449815691474      0.9388842651775787
36.03294886105903      0.9389459905307249
36.20930686084426      0.938630191354902
36.38652801907393      0.9383907436083151
36.564616560350856      0.9383399065303871
36.74357672995456      0.9379551272133019
36.92341279394243      0.9380368076565293
37.10412903925147      0.9376301429685594
37.28572977380048      0.9376208927918048
37.468219326592695      0.9374769181139025
37.651602047819054      0.9372660395743262
37.83588230896188      0.9372034304160851
38.02106450289906      0.9367199062501459
38.2071530440088      0.9368660148537137
38.39415236827478      0.9365747498255416
38.582066933392014      0.9364219427486324
38.77090121887303      0.9361980824735867
38.960659726154674      0.9358823769854028
39.15134697870541      0.9359228866160689
39.3429675221332      0.9354425689922182
39.53552592429374      0.9354957936772417
39.72902677539948      0.9351810545300591
39.923474688129      0.9350948202225734
40.11887429773694      0.935027360248575
40.31523026216455      0.9346160761790978
40.51254726215061      0.9346439681012058
40.710830001343176      0.9342400067355082
40.9100832064116      0.9343289986118833
41.110311627159206      0.9340062050010275
41.31152003663656      0.9337614965286557
41.513713231255224      0.9336278951027241
41.71689603090205      0.9332364057194272
41.92107327905418      0.9333201619602476
42.12624984289442      0.9328384817505792
42.33243061342729      0.9328144437579156
42.53962050559563      0.9325899527859494
42.74782445839776      0.9324271733043428
42.95704743500514      0.9323107316884945
43.16729442288081      0.9318233247057534
43.378570433898204      0.9319400576862504
43.59088050446064      0.9316262858787953
43.80422969562139      0.9315681819683831
44.01862309320424      0.931273548287658
44.23406580792488      0.9309537094428298
44.45056297551261      0.9309086632633973
44.66811975683282      0.9304395567144434
44.88674133801      0.9304750565951416
45.106432930551385      0.9300823941912523
45.3271997714711      0.9299814586353818
45.54904712341514      0.9298454710426982
45.77198027478675      0.9294968112585359
45.99600453987245      0.9294395613025517
46.22112525896879      0.9289596958859464
46.44734779850963      0.9290802045953614
46.674677551194      0.9288196279788997
46.90311993611476      0.9285899336014575
47.132680398887715      0.9283818015291012
47.36336441178143      0.9279867558921022
47.595177473847734      0.9280285002281917
47.828125111052664      0.9275095774179474
48.06221287640838      0.9274676993007581
48.2974463501054      0.9271622168770938
48.533831139645706      0.9269846149221065
48.77137287997635      0.9268682999789132
49.01007723362384      0.9263728291514154
49.249949890829015      0.9264013857075596
49.49099656968285      0.9260086004777255
49.73322301626264      0.9260517118572436
49.976635004769044      0.9257401585271938
50.22123833766369      0.9254419055061293
50.46703884580745      0.9253182928872756
50.71404238859957      0.9248478647173201
50.96225485411725      0.924875738512123
51.21168215925599      0.9244042597038965
51.46233024987071      0.9242852300069045
51.71420510091745      0.9240651493603698
51.96731271659572      0.9237854863473596
52.2216591304918      0.9236422925981292
52.47725040572244      0.9230854403407199
52.73409263507943      0.923183123676564
52.99219194117483      0.9228755819242533
53.251554476586975      0.9227108792635556
53.512186424007      0.9224773095421158
53.7740939963864      0.9221108886851487
54.03728343708502      0.9220697621968836
54.30176102001995      0.9215604155735814
54.56753304981503      0.9214976216085768
54.83460586195111      0.9211100982239
55.1029858229172      0.9209139518366406
55.37267933036212      0.9207773094532827
55.64369281324705      0.9202846715779731
55.916032731998804      0.9202240186263103
56.189705578663805      0.9197509945906764
56.46471787706279      0.9197707706557904
56.74107618294645      0.9194573105713328
57.01878708415162      0.9191680329713154
57.29785720075834      0.919016898802239
57.57829318524765      0.9185827189636935
57.86010172266024      0.9186048608839237
58.143289530755645      0.9180581202340294
58.42786336017258      0.9179181427503612
58.713829994589766      0.9176125903857876
59.00119625088762      0.9173393324568013
59.289968979310835      0.9171632040614615
59.580155063631516      0.916578915091009
59.8717614213135      0.9165987280959281
60.164795003677085      0.9162075140175552
60.459262796064806      0.9161004019457274
60.755171818007916      0.9157813490705283
61.052529123393796      0.9154143842295315
61.35134180063393      0.915343563212092
61.651616972833104      0.914868129814232
61.953361797959055      0.9148069167792222
62.25658346901316      0.9143393991976568
62.561289214201906      0.9141217625818997
62.8674862971091      0.913896069429921
63.1751820168692      0.9134650472760361
63.48438370834114      0.9133135353669074
63.79509874228329      0.9127585757331909
64.1073345255291      0.9127506612816311
64.42109850116371      0.9124296987429293
64.73639814870128      0.912119004972269
65.05324098426343      0.9118786853035945
65.37163456075831      0.9114339308799283
65.69158646806069      0.9114412119152803
66.01310433319286      0.9109331368830527
66.33619582050648      0.9107784470648842
66.66086863186518      0.9103879559609764
66.98713050682832      0.9100922153573338
67.3149892228354      0.9099030934576033
67.64445259539139      0.9093015094874046
67.9755284782532      0.9092266165631917
68.30822476361669      0.9087497328628066
68.64254938230503      0.9086627853730447
68.97851030395758      0.9082852364830553
69.31611553721996      0.9078959224275887
69.65537312993493      0.9077321187689903
69.99629116933427      0.9072095382540654
70.33887778223144      0.9072199729374628
70.68314113521544      0.906727990254258
71.02908943484559      0.9065023603511546
71.37673092784681      0.9061864868922456
71.72607390130642      0.9058093200438159
72.0771266828719      0.9055644647003147
72.42989764094891      0.9049251765659723
72.78439518490126      0.9048844006575971
73.14062776525104      0.904483329296214
73.49860387388013      0.904212997790631
73.85833204423291      0.9038811779967474
74.21982085151917      0.903413061508399
74.58307891291912      0.9033233595779742
74.94811488778825      0.9028054550659043
75.314937477864      0.902673037997271
75.68355542747345      0.9022552655293479
76.05397752374117      0.9019588576356325
76.42621259679933      0.9017155271151385
76.80026951999763      0.901126558908237
77.17615721011533      0.9009541915072175
77.5538846275734      0.9003890242088922
77.9334607766482      0.9002678445893957
78.3148947056865      0.8998748526540736
78.69819550732055      0.8994580904788446
79.08337231868546      0.8991987312093865
79.4704343216365      0.8986515614831865
79.85939074296816      0.8986332107436058
80.25025085463437      0.8980561116920371
80.643023973969      0.8978413040404665
81.03771946390852      0.8974939832878394
81.4343467332147      0.8971264145179794
81.83291523669912      0.8968575251638154
82.23343447544883      0.8961544704918585
82.63591399705217      0.8960520296211982
83.04036339582713      0.8955586430661976
83.44679231304941      0.8953292389389582
83.85521043718256      0.8949029056974596
84.26562750410913      0.8944056641185092
84.67805329736217      0.894215736537426
85.09249764835917      0.8936410988306036
85.50897043663569      0.8935121674270113
85.9274815900816      0.8930019230920693
86.34804108517709      0.8927052211665739
86.77065894723079      0.8924259533030957
87.195345250619      0.8919279818757214
87.62211011902522      0.891654819277085
88.05096372568222      0.8909984064719811
88.48191629361386      0.8908368538283529
88.91497809587912      0.8904122766016961
89.35015945581725      0.8899709132807772
89.78747074729317      0.8896122740528387
90.22692239494557      0.8890344946606608
90.66852487443472      0.8889113031748246
91.11228871269248      0.8883159594251412
91.55822448817351      0.8880634953473671
92.00634283110679      0.8876208195900595
92.45665442374981      0.8872420304051648
92.90917000064239      0.887006228072051
93.36390034886338      0.8863270214157903
93.82085630828715      0.8861187564068185
94.28004877184222      0.8855293478614892
94.74148868577123      0.8852850818111918
95.20518704989126      0.8848064310122616
95.67115491785675      0.8842736271542992
96.13940339742234      0.8839796992687902
96.60994365070798      0.883321046915357
97.08278689446523      0.8832093091590871
97.55794440034404      0.8826027269870726
98.0354274951622      0.8822671750073039
98.51524756117465      0.8818893217641023
98.99741603634509      0.8814284620812358
99.48194441461901      0.8811252121629228
99.96884424619687      0.8804311040551432
100.45812713781031      0.8802253852292052
100.94980475299815      0.8796998789099104
101.44388881238491      0.8792895899140413
101.9403910939598      0.8788277883834801
102.43932343335763      0.8782126682106467
102.94069772414133      0.8779802340982038
103.44452591808471      0.8773595768810033
103.9508200254582      0.8770603107112594
104.45959211531444      0.8765159817080939
104.97085431577626      0.8760960819737821
105.48461881432617      0.875779179759784
106.00089785809608      0.8751232887087963
106.51970375416013      0.8748635509945443
107.04104886982732      0.8742304390109142
107.56494563293661      0.8739478324010118
108.09140653215356      0.8734369975416979
108.62044411726721      0.8728612549001283
109.15207099949018      0.8724586969008905
109.68629985175833      0.8717606474764037
110.22314340903388      0.871585958654639
110.76261446860805      0.870898214249391
111.30472589040656      0.8705135229640246
111.84949059729651      0.8700287564611907
112.39692157539358      0.869524480108031
112.94703187437261      0.8691891435494624
113.4998346077778      0.8684027676897228
114.05534295333564      0.8681959907353815
114.61357015326949      0.8676208375569326
115.1745295146143      0.867249335023804
115.73823440953488      0.8666782046929815
116.30469827564377      0.86601740122099
116.87393461632193      0.8656706908637029
117.44595700104101      0.8649627537118042
118.020779065686      0.8646642517632719
118.59841451288116      0.8640138081504579
119.17887711231582      0.8635421408164462
119.76218070107349      0.8631121690724979
120.3483391839609      0.8624824418698444
120.93736653383985      0.8621157486996951
121.52927679196058      0.8613863895737753
122.12408406829574      0.8610904039453339
122.72180254187766      0.8605677237194109
123.32244646113548      0.8599916387725015
123.9260301442352      0.859475121891592
124.53256797942139      0.8587298129192672
125.14207442535921      0.8584347062892663
125.75456401148024      0.8577110787543522
126.3700513383278      0.8572683632595577
126.98855107790544      0.8566710295750407
127.61007797402706      0.856112432543346
128.23464684266753      0.8557294684681218
128.8622725723168      0.8548946608279044
129.49297012433394      0.8545776092859891
130.12675453330456      0.8539010435405352
130.76364090739864      0.853516069014806
131.40364442873076      0.8529436526751596
132.04678035372257      0.8522624622583042
132.69306401346554      0.8517952484856005
133.34251081408746      0.8509779017121587
133.99513623711871      0.8506819635483692
134.6509558398618      0.849919989743351
135.3099852557626      0.8493879327223408
135.97224019478202      0.8488397523776492
136.6377364437716      0.8481932732905156
137.30648986684895      0.8477337614903837
137.97851640577628      0.8468942263379597
138.6538320803408      0.8465405153451666
139.33245298873575      0.8459128861102921
140.0143953079451      0.8453752935658173
140.69967529412833      0.844789635576679
141.38830928300825      0.844026950203635
142.08031369026102      0.8436043492825557
142.77570501190627      0.8428351467173262
143.47449982470152      0.8423245793098055
144.17671478653637      0.8416091247476662
144.88236663683045      0.8409867452435675
145.5914721969317      0.8404831029186338
146.30404837051765      0.8396554495862518
147.0201121439989      0.8392093716354666
147.73968058692282      0.8384164278453421
148.4627708523819      0.8379698900554144
149.18940017742153      0.8373573481928243
149.9195858834512      0.8366377477149388
150.6533453766579      0.8360926251406172
151.39069614842026      0.8352471348144637
152.1316557757263      0.8348643961441535
152.8762419215917      0.8340181398365278
153.62447233548122      0.8334147612897986
154.37636485373207      0.8327412890504801
155.13193739997837      0.8320277338149982
155.89120798557937      0.8315057178522113
156.65419471004768      0.8305503104404239
157.42091576148198      0.8301174856875645
158.1913894169994      0.8293663906333028
158.9656340431719      0.8288260220174144
159.74366809646418      0.8281329276714519
160.525510123673      0.8273237848021507
161.3111787623702      0.8268142072079787
162.10069274134605      0.8259691638292245
162.8940708810562      0.8254502145053976
163.69133209407065      0.8246097069591029
164.49249538552365      0.8239124120393428
165.2975798535679      0.8232757922996836
166.10660468982874      0.8224462468656988
166.91958917986216      0.8218634976458132
167.73655270361488      0.8209474464229881
168.55751473588532      0.8204177542478747
169.38249484678917      0.8197032960536133
170.21151270222447      0.8189537670719753
171.0445880643418      0.8182905602756847
171.8817407920142      0.8173915419663361
172.72299084131103      0.8169119170174423
173.56835826597427      0.8160495835276171
174.41786321789527      0.8153736865552058
175.27152594759664      0.8145672978931299
176.1293668047136      0.8137750383326152
176.99140623847973      0.813169637704686
177.85766479821493      0.8121296337430353
178.72816313381398      0.811575793274921
179.60292199624033      0.8106937306010288
180.48196223801943      0.8100658765298308
181.36530481373632      0.8093026285069093
182.2529707805358      0.8084202622165215
183.14498129862304      0.8077858426376421
184.04135763176944      0.806829573479469
184.9421211478181      0.8063219331085816
185.8472933191947      0.8053914015135902
186.75689572341793      0.8046231572756445
187.67095004361448      0.8038454042611728
188.5894780690366      0.8029578204280464
189.51250169558003      0.8022710089078404
190.4400429263075      0.8012242006407597
191.372123871972      0.8005976119040263
192.3087667515443      0.7997433266505495
193.24999389274336      0.7989689372246661
194.195827732567      0.7981618461614717
195.1462908178285      0.7971828638445648
196.1014058056926      0.7965707843047704
197.06119546421624      0.7956425703629623
198.0256826728919      0.7949188622524636
198.9948904231915      0.7940123537799813
199.96884181911625      0.7931500357944612
200.94756007774572      0.792393954345381
201.93106852979284      0.7913350920066433
202.91939062015868      0.7906260707946209
203.91254990849202      0.7896045443261874
204.91057006975143      0.7888750467504023
205.91347489476837      0.7880287712174203
206.9212882908158      0.7870548682819527
207.9340342821767      0.7862673646058931
208.95173701071747      0.7851912882430997
209.9744207364639      0.7845948618652318
211.00210983817814      0.7835883372700897
212.03482881394143      0.7827500429467017
213.07260228173666      0.7818607923916094
214.11545498003585      0.7809026394794664
215.16341176839052      0.78012044223049
216.21649762802267      0.7789342161582634
217.27473766242224      0.7781958488454124
218.33815709794382      0.7771930838250246
219.40678128440862      0.7763589298788371
220.48063569570968      0.7754157184238855
221.55974593041722      0.7743408910595928
222.64413771239091      0.7735654817835782
223.7338368913912      0.772490658775647
224.8288694436973      0.7717353445818672
225.9292614727248      0.77070057383132
227.03503920964863      0.7697600282203882
228.14622901402916      0.7688809186326058
229.2628573744388      0.7678156059467508
230.38495090909527      0.7669402333528181
231.51253636649463      0.7657696873129964
232.64564062604956      0.7649224071829356
233.78429069873076      0.7639312193283984
234.92851372770923      0.7628976542708038
236.07833698900524      0.7619460729515863
237.23378789213677      0.7607692338682297
238.3948939807738      0.7599980605764286
239.5616829333953      0.7588987386733177
240.73418256394777      0.7579595548578762
241.9124208225098      0.7569334110572702
243.0964257959567      0.7558899161374905
244.28622570863175      0.7550133230174947
245.48184892301748      0.7537404318404247
246.68332394041246      0.7528656950984313
247.89067940161144      0.7517033780477191
249.10394408758626      0.7507453348069102
250.32314692017414      0.7496963906991785
251.5483169627652      0.748509422177249
252.77948342099606      0.7475583240392452
254.01667564344686      0.7463263783081651
255.25992312233902      0.7454975643172952
256.50925549424034      0.7443006008017683
257.76470254076975      0.743250547216162
259.0262941893079      0.742224886625279
260.2940605137115      0.7410772103372868
261.5680317350281      0.7401077720776807
262.8482382222191      0.738811197020274
264.13471049288097      0.7378322238143182
265.42747921397546      0.7366700408108748
266.7265752025583      0.7355688166280149
268.0320294265148      0.7344407053015352
269.34387300529886      0.7331463040069995
270.662137210673      0.732186909318083
271.9868534674558      0.7309551305479417
273.3180533542693      0.7299034397517916
274.65576860429235      0.7287032552552123
276.0000311060182      0.7275403956505724
277.3508729040125      0.726506333316432
278.7083261996793      0.7251984468975567
280.07242335202704      0.7241654571991335
281.44319687844063      0.7228639285312581
282.8206794554573      0.7217717111406279
284.2049039195437      0.7205994040341803
285.595903267881      0.7192821394478559
286.9937106591489      0.718141666304785
288.3983594143188      0.7167409112725182
289.8098830174457      0.7157611605302102
291.2283151164675      0.7144412844628703
292.6536895240078      0.7132478136944493
294.08604021818      0.7120353339946398
295.52540134339966      0.7107581128557975
296.9718072111962      0.7096801220754533
298.42529230103185      0.7082409674407921
299.8858912611244      0.7071344579335236
301.3536389092711      0.7058187749210592
302.8285702336811      0.7046107784603334
304.3107203938072      0.7033188117106561
305.8001247211849      0.7018877104360132
307.2968187202759      0.7007248381934171
308.80083806931196      0.6993115437361116
310.31221862114796      0.698156346158235
311.83099640411405      0.6967685198252527
313.3572076228771      0.6954551029402578
314.8908886593015      0.694220236943171
316.43207607331715      0.6928270468994268
317.9808066037925      0.6916212895438698
319.5371171694073      0.6901660082492677
321.1010448695361      0.6889368587658024
322.6726269851296      0.6875969443881444
324.25190097960495      0.6861981637861079
325.8389044997393      0.6848527833472063
327.43367537656513      0.6833064424637644
329.0362516262748      0.6821102077088844
330.6466714511243      0.6806531457301946
332.26497324034506      0.6792938643796017
333.8911955710598      0.6778793792868779
335.5253772092003      0.6764441324100033
337.1675571104336      0.6751759004395643
338.81777442108864      0.6735804722798158
340.4760684790903      0.6723247943530135
342.1424788148983      0.6708430017248825
343.817045152447      0.6694893629396865
345.49980741009506      0.6680703420785253
347.1908057015744      0.6665001971800368
348.89008033694904      0.6651167085694919
350.5976718235739      0.6635072718984274
352.3136208670609      0.6622122095969512
354.0379683722508      0.6606268215915655
355.77075544418597      0.6591390832841714
357.5120233890924      0.6576865507338963
359.26181371536256      0.6561278493727841
361.02016813454566      0.6547488214841697
362.78712856234296      0.6530937843595935
364.5627371196046      0.6517025782459438
366.34703613333653      0.6501828922910496
368.1400681377069      0.6486861345970096
369.94187587506127      0.6471444576382787
371.7525022969423      0.6454539683226531
373.5719905651112      0.6440199633960825
375.40038405257974      0.6423724784830478
377.23772634464103      0.6408528088237958
379.0840612399114      0.6392192553768602
380.9394327513722      0.637601292448865
382.8038851074196      0.6360983351320689
384.6774627529205      0.6343757124906939
386.5602103502692      0.6328868717748862
388.452172780455      0.6311893035686761
390.35339514412954      0.6296596806687897
392.26392276268297      0.6280896552610918
394.18380117932554      0.6263753255555029
396.1130761601705      0.6247764347391691
398.05179369532834      0.6229778989276622
400.0000000000001      0.6214655503379651