# T9      λnpFull/λnpBorn   
0.008000000000000004      1
0.008027565158254101      1
0.008055225296251887      1
0.008082980741259837      1
0.008110831821672035      1
0.00813877886701413      1
0.008166822207947174      1
0.00819496217627156      1
0.008223199104930969      1
0.008251533328016265      1
0.008279965180769474      1
0.008308494999587765      1
0.008337123122027383      1
0.008365849886807707      1
0.008394675633815192      1
0.008423600704107425      1
0.008452625439917181      1
0.008481750184656413      1
0.008510975282920386      1
0.008540301080491688      1
0.008569727924344354      1
0.008599256162647994      1
0.00862888614477185      1
0.008658618221289003      1
0.008688452743980458      1
0.008718390065839333      1
0.008748430541075061      1
0.008778574525117525      1
0.008808822374621298      1
0.008839174447469882      1
0.008869631102779885      1
0.008900192700905333      1
0.008930859603441886      1
0.008961632173231128      1
0.008992510774364894      1
0.009023495772189517      1
0.009054587533310215      1
0.009085786425595375      1
0.009117092818180924      1
0.009148507081474732      1
0.00918002958716092      1
0.009211660708204344      1
0.009243400818854932      1
0.009275250294652147      1
0.009307209512429453      1
0.009339278850318725      1
0.009371458687754738      1
0.0094037494054797      1
0.00943615138554768      1
0.009468665011329213      1
0.009501290667515754      1
0.009534028740124276      1
0.009566879616501855      1
0.009599843685330194      1
0.009632921336630284      1
0.009666112961766971      1
0.009699418953453597      1
0.009732839705756691      1
0.00976637561410056      1
0.009800027075272005      1
0.009833794487425045      1
0.009867678250085552      1
0.009901678764156069      1
0.009935796431920468      1
0.009970031657048758      1
0.010004384844601871      1
0.01003885640103641      1
0.010073446734209497      1
0.01010815625338358      1
0.010142985369231283      1
0.010177934493840265      1
0.01021300404071808      1
0.01024819442479709      1
0.010283506062439373      1
0.010318939371441637      1
0.010354494771040161      1
0.010390172681915773      1
0.01042597352619882      1
0.010461897727474159      1
0.010497945710786154      1
0.010534117902643744      1
0.01057041473102545      1
0.010606836625384464      1
0.010643384016653726      1
0.010680057337250994      1
0.01071685702108401      1
0.010753783503555594      1
0.010790837221568815      1
0.010828018613532159      1
0.010865328119364696      1
0.010902766180501313      1
0.010940333239897931      1
0.01097802974203672      1
0.011015856132931394      1
0.011053812860132467      1
0.011091900372732553      1
0.011130119121371686      1
0.011168469558242626      1
0.01120695213709625      1
0.011245567313246888      1
0.011284315543577728      1
0.011323197286546216      1
0.011362213002189462      1
0.011401363152129721      1
0.011440648199579828      1
0.011480068609348687      1
0.011519624847846755      1
0.011559317383091591      1
0.011599146684713369      1
0.011639113223960445      1
0.01167921747370492      1
0.01171945990844825      1
0.011759841004326862      1
0.011800361239117768      1
0.011841021092244244      1
0.011881821044781464      1
0.011922761579462243      1
0.011963843180682705      1
0.012005066334508041      1
0.012046431528678249      1
0.012087939252613887      1
0.01212958999742191      1
0.012171384255901436      1
0.012213322522549605      1
0.012255405293567402      1
0.012297633066865557      1
0.012340006342070423      1
0.01238252562052989      1
0.0124251914053193      1
0.01246800420124743      1
0.01251096451486244      1
0.012554072854457882      1
0.012597329730078708      1
0.012640735653527286      1
0.012684291138369492      1
0.01272799669994076      1
0.012771852855352192      1
0.012815860123496671      1
0.012860019025054986      1
0.012904330082502023      1
0.012948793820112933      1
0.012993410763969314      1
0.01303818144196547      1
0.013083106383814642      1
0.013128186121055267      1
0.013173421187057284      1
0.013218812117028416      1
0.013264359448020544      1
0.01331006371893603      1
0.013355925470534097      1
0.013401945245437247      1
0.013448123588137646      1
0.013494461045003597      1
0.013540958164286002      1
0.013587615496124835      1
0.013634433592555641      1
0.013681413007516107      1
0.013728554296852583      1
0.013775858018326672      1
0.01382332473162181      1
0.01387095499834992      1
0.013918749382058036      1
0.013966708448234973      1
0.014014832764318029      1
0.014063122899699665      1
0.014111579425734289      1
0.014160202915744985      1
0.014208993945030309      1
0.014257953090871094      1
0.014307080932537257      1
0.014356378051294697      1
0.014405845030412147      1
0.014455482455168055      1
0.014505290912857552      1
0.014555270992799376      1
0.014605423286342843      1
0.014655748386874858      1
0.014706246889826908      1
0.014756919392682139      1
0.014807766494982413      1
0.014858788798335394      1
0.014909986906421686      1
0.014961361425001932      1
0.015012912961924042      1
0.015064642127130339      1
0.015116549532664792      1
0.01516863579268027      1
0.015220901523445763      1
0.015273347343353732      1
0.015325973872927402      1
0.015378781734828071      1
0.015431771553862533      1
0.01548494395699044      1
0.015538299573331716      1
0.015591839034174024      1
0.015645562972980195      1
0.015699472025395768      1
0.015753566829256486      1
0.01580784802459585      1
0.015862316253652687      1
0.015916972160878742      1
0.01597181639294632      1
0.016026849598755933      1
0.016082072429443966      1
0.0161374855383904      1
0.016193089581226512      1
0.016248885215842664      1
0.016304873102396086      1
0.016361053903318643      1
0.016417428283324736      1
0.01647399690941912      1
0.01653076045090482      1
0.016587719579391043      1
0.016644874968801095      1
0.01670222729538042      1
0.016759777237704547      1
0.016817525476687134      1
0.016875472695588034      1
0.01693361958002135      1
0.01699196681796359      1
0.01705051509976178      1
0.017109265118141627      1
0.017168217568215727      1
0.0172273731474918      1
0.017286732555880917      1
0.017346296495705807      1
0.017406065671709128      1
0.017466040791061854      1
0.017526222563371614      1
0.01758661170069109      1
0.017647208917526455      1
0.01770801493084579      1
0.017769030460087615      1
0.017830256227169383      1
0.017891692956496005      1
0.017953341374968446      1
0.018015202211992293      1
0.018077276199486427      1
0.01813956407189166      1
0.01820206656617941      1
0.01826478442186044      1
0.01832771838099363      1
0.018390869188194697      1
0.018454237590645073      1
0.01851782433810067      1
0.018581630182900828      1
0.018645655879977165      1
0.018709902186862533      1
0.01877436986369998      1
0.0188390596732517      1
0.018903972380908136      1
0.01896910875469699      1
0.019034469565292273      1
0.019100055586023536      1
0.019165867592884876      1
0.019231906364544235      1
0.019298172682352566      1
0.019364667330353053      1
0.019431391095290435      1
0.019498344766620292      1
0.01956552913651839      1
0.019632944999890052      1
0.019700593154379536      1
0.019768474400379536      1
0.019836589541040592      1
0.01990493938228063      1
0.019973524732794477      1
0.02004234640406342      1
0.020111405210364842      1
0.020180701968781842      1
0.020250237499212863      1
0.02032001262438146      1
0.020390028169845992      1
0.0204602849640094      1
0.020530783838129004      1
0.020601525626326334      1
0.020672511165597013      1
0.020743741295820666      1
0.020815216859770825      1
0.020886938703124944      1
0.020958907674474343      1
0.02103112462533432      1
0.021103590410154183      1
0.02117630588632737      1
0.021249271914201593      1
0.021322489357088997      1
0.021395959081276422      1
0.02146968195603562      1
0.02154365885363352      1
0.021617890649342594      1
0.021692378221451196      1
0.02176712245127394      1
0.021842124223162153      1
0.021917384424514283      1
0.021992903945786478      1
0.022068683680503062      1
0.02214472452526714      1
0.022221027379771188      1
0.02229759314680768      1
0.022374422732279825      1
0.022451517045212248      1
0.022528876997761706      1
0.022606503505228005      1
0.022684397486064673      1
0.02276255986188994      1
0.022840991557497612      1
0.022919693500867967      1
0.02299866662317881      1
0.023077911858816445      1
0.023157430145386734      1
0.02323722242372621      1
0.023317289637913158      1
0.023397632735278857      1
0.023478252666418748      1
0.02355915038520368      1
0.023640326848791207      1
0.023721783017636885      1
0.02380351985550569      1
0.023885538329483386      1
0.02396783940998794      1
0.02405042407078107      1
0.024133293288979712      1
0.02421644804506761      1
0.024299889322906915      1
0.024383618109749775      1
0.024467635396250104      1
0.024551942176475244      1
0.02463653944791773      1
0.024721428211507128      1
0.024806609471621804      1
0.024892084236100898      1
0.024977853516256192      1
0.02506391832688409      1
0.025150279686277633      1
0.0252369386162385      1
0.025323896142089186      1
0.025411153292685066      1
0.02549871110042654      1
0.025586570601271386      1
0.025674732834746836      1
0.025763198843962005      1
0.025851969675620208      1
0.02594104638003127      1
0.026030430011124064      1
0.02612012162645892      1
0.026210122287240095      1
0.026300433058328476      1
0.026391055008253977      1
0.026481989209228354      1
0.026573236737157818      1
0.02666479867165571      1
0.02675667609605544      1
0.026848870097423105      1
0.026941381766570488      1
0.027034212198067935      1
0.027127362490257233      1
0.02722083374526476      1
0.027314627069014337      1
0.027408743571240454      1
0.027503184365501355      1
0.027597950569192176      1
0.02769304330355823      1
0.027788463693708253      1
0.02788421286862764      1
0.027980291961191974      1
0.028076702108180224      1
0.028173444450288354      1
0.02827052013214276      1
0.02836793030231375      1
0.028465676113329313      1
0.028563758721688527      1
0.02866217928787541      1
0.028760938976372614      1
0.02886003895567512      1
0.02895948039830418      1
0.029059264480821127      1
0.029159392383841305      1
0.029259865292048045      1
0.02936068439420664      1
0.02946185088317849      1
0.029563365955935172      1
0.029665230813572536      1
0.029767446661325095      1
0.02987001470858006      1
0.029972936168891826      1
0.03007621225999626      1
0.03017984420382506      1
0.030283833226520365      1
0.03038818055844907      1
0.03049288743421752      1
0.030597955092686095      1
0.03070338477698379      1
0.030809177734523026      1
0.03091533521701437      1
0.031021858480481276      1
0.03112874878527511      1
0.031236007396089865      1
0.031343635581977274      1
0.03145163461636177      1
0.0315600057770555      1
0.031668750346273596      1
0.03177786961064915      1
0.03188736486124859      1
0.0319972373935869      1
0.03210748850764288      1
0.03221811950787473      1
0.03232913170323522      1
0.03244052640718736      1
0.0325523049377199      1
0.03266446861736287      1
0.032777018773203305      1
0.03288995673690092      1
0.033003283844703774      1
0.033117001437464294      1
0.03323111086065489      1
0.03334561346438405      1
0.03346051060341226      1
0.03357580363716798      1
0.03369149392976386      1
0.03380758285001271      1
0.03392407177144383      1
0.034040962072319235      1
0.03415825513564987      1
0.03427595234921211      1
0.034394055105564085      1
0.0345125648020622      1
0.03463148284087765      1
0.034750810629012995      1
0.03487054957831884      1
0.03499070110551056      1
0.035111266632184925      1
0.03523224758483717      1
0.035353645394877606      1
0.03547546149864872      1
0.03559769733744215      1
0.03572035435751562      1
0.03584343401011029      1
0.03596693775146765      1
0.03609086704284694      1
0.0362152233505424      1
0.036340008145900535      1
0.03646522290533763      1
0.03659086911035721      1
0.03671694824756742      1
0.03684346180869888      1
0.03697041129062206      1
0.03709779819536518      1
0.0372256240301319      1
0.037353890307319136      1
0.03748259854453507      1
0.03761175026461691      1
0.037741346995649114      1
0.03787139027098135      1
0.0380018816292466      1
0.038132822614379565      1
0.038264214775634645      1
0.03839605966760452      1
0.038528358850238434      1
0.0386611138888606      1
0.03879432635418885      1
0.038927997822353136      1
0.03906212987491414      1
0.03919672409888216      1
0.03933178208673563      1
0.03946730543644018      1
0.03960329575146746      1
0.03973975464081405      1
0.039876683719020686      1
0.04001408460619109      1
0.040151958928011384      1
0.04029030831576922      1
0.04042913440637302      1
0.04056843884237148      1
0.04070822327197292      1
0.040848489349064786      1
0.040989238733233256      1
0.04113047308978281      1
0.04127219408975601      1
0.041414403409953254      1
0.04155710273295252      1
0.04170029374712947      1
0.041843978146677195      1
0.04198815763162645      1
0.04213283390786567      1
0.04227800868716112      1
0.04242368368717733      1
0.04256986063149717      1
0.04271654124964241      1
0.04286372727709417      1
0.04301142045531335      1
0.04315962253176136      1
0.04330833525992075      1
0.043457560399315864      1
0.04360729971553388      1
0.04375755498024543      1
0.043908327971225763      1
0.04405962047237572      1
0.044211434273742745      1
0.04436377117154229      1
0.04451663296817879      1
0.044670021472267195      1
0.04482393849865431      1
0.04497838586844021      1
0.04513336540899987      1
0.045288878954004734      1
0.04544492834344444      1
0.045601515423648584      1
0.045758642047308506      1
0.04591631007349932      1
0.04607452136770185      1
0.04623327780182462      1
0.04639258125422624      1
0.04655243360973732      1
0.04671283675968302      1
0.04687379260190533      1
0.047035303040785445      1
0.04719736998726653      1
0.047359995358876035      1
0.0475231810797486      1
0.04768692908064878      1
0.04785124129899376      1
0.04801611967887646      1
0.04818156617108842      1
0.04834758273314294      1
0.048514171329298215      1
0.04868133393058051      1
0.048849072514807614      1
0.04901738906661218      1
0.049186285577465114      1
0.04935576404569937      1
0.0495258264765333      1
0.0496964748820946      1
0.04986771128144407      1
0.05003953770059935      1
0.05021195617255922      1
0.05038496873732724      1
0.050558577441936245      1
0.050732784340472376      1
0.05090759149409937      1
0.051083000971083065      1
0.05125901484681583      1
0.051435635203840986      1
0.051612864131877725      1
0.051790703727845507      1
0.051969156095889125      1
0.05214822334740351      1
0.05232790760105861      1
0.05250821098282474      1
0.05268913562599735      1
0.0528706836712226      1
0.05305285726652255      1
0.053235658567320494      1
0.053419089736466634      1
0.05360315294426355      1
0.05378785036849192      1
0.05397318419443633      1
0.05415915661491095      1
0.05434576983028574      1
0.05453302604851231      1
0.05472092748515001      1
0.05490947636339241      1
0.055098674914093204      1
0.055288525375792937      1
0.05547902999474536      1
0.05567019102494393      1
0.05586201072814874      1
0.0560544913739129      1
0.05624763523960973      1
0.05644144461045956      1
0.05663592177955668      1
0.05683106904789668      1
0.05702688872440353      1
0.057223383125956845      1
0.05742055457741958      1
0.05761840541166513      1
0.05781693796960527      1
0.05801615460021771      1
0.0582160576605738      1
0.058416649515866725      1
0.058617932539439074      1
0.05881990911281126      1
0.059022581625709544      1
0.05922595247609424      1
0.059430024070188395      1
0.05963479882250581      1
0.05984027915587999      1
0.060046467501492645      1
0.060253366298902385      1
0.06046097799607378      1
0.06066930504940619      1
0.06087834992376275      1
0.06108811509249986      1
0.06129860303749599      1
0.06150981624918143      1
0.06172175722656757      1
0.061934428477276426      1
0.062147832517570584      1
0.06236197187238255      1
0.062576849075345      1
0.06279246666882057      1
0.06300882720393194      1
0.0632259332405921      1
0.06344378734753456      1
0.0636623921023438      1
0.06388175009148574      1
0.06410186391033827      1
0.06432273616322214      1
0.0645443694634316      1
0.06476676643326534      1
0.06498992970405774      1
0.06521386191620959      1
0.0654385657192197      1
0.06566404377171614      1
0.0658902987414875      1
0.06611733330551485      1
0.066345150150003      1
0.06657375197041256      1
0.06680314147149174      1
0.06703332136730827      1
0.0672642943812817      1
0.06749606324621549      1
0.06772863070432923      1
0.06796199950729151      1
0.0681961724162519      1
0.06843115220187408      1
0.06866694164436844      1
0.06890354353352486      1
0.06914096066874607      1
0.06937919585908034      1
0.06961825192325499      1
0.06985813168970977      1
0.07009883799663001      1
0.07034037369198069      1
0.07058274163353963      1
0.07082594468893168      1
0.07106998573566248      1
0.07131486766115244      1
0.07156059336277111      1
0.07180716574787135      1
0.07205458773382357      1
0.07230286224805064      1
0.07255199222806208      1
0.07280198062148913      1
0.07305283038611951      1
0.07330454448993233      1
0.07355712591113353      1
0.07381057763819061      1
0.07406490266986845      1
0.07432010401526462      1
0.0745761846938448      1
0.07483314773547885      1
0.0750909961804764      1
0.07534973307962295      1
0.07560936149421593      1
0.07586988449610081      1
0.07613130516770768      1
0.07639362660208752      1
0.07665685190294882      1
0.07692098418469455      1
0.07718602657245852      1
0.07745198220214282      1
0.07771885422045478      1
0.07798664578494395      1
0.07825536006403998      1
0.07852500023708953      1
0.07879556949439429      1
0.07906707103724864      1
0.07933950807797731      1
0.07961288383997374      1
0.07988720155773799      1
0.08016246447691491      1
0.080438675854333      1
0.0807158389580423      1
0.0809939570673536      1
0.08127303347287695      1
0.08155307147656077      1
0.08183407439173061      1
0.08211604554312878      1
0.08239898826695337      1
0.08268290591089789      1
0.08296780183419067      1
0.0832536794076349      1
0.08354054201364827      1
0.08382839304630314      1
0.08411723591136665      1
0.08440707402634087      1
0.08469791082050351      1
0.0849897497349483      1
0.0852825942226258      1
0.08557644774838409      1
0.08587131378901001      1
0.08616719583327014      1
0.08646409738195208      1
0.086762021947906      1
0.08706097305608589      1
0.08736095424359169      1
0.08766196905971085      1
0.08796402106596045      1
0.08826711383612915      1
0.08857125095631978      1
0.08887643602499153      1
0.08918267265300261      1
0.08948996446365304      1
0.08979831509272727      1
0.09010772818853752      1
0.09041820741196677      1
0.0907297564365121      1
0.09104237894832808      1
0.09135607864627056      1
0.0916708592419403      1
0.0919867244597269      1
0.09230367803685295      1
0.09262172372341805      1
0.09294086528244343      1
0.0932611064899163      1
0.09358245113483465      1
0.09390490301925186      1
0.09422846595832199      1
0.0945531437803447      1
0.0948789403268106      1
0.0952058594524468      1
0.09553390502526227      1
0.09586308092659389      1
0.09619339105115221      1
0.09652483930706762      1
0.09685742961593641      1
0.09719116591286742      1
0.09752605214652842      1
0.09786209227919299      1
0.09819929028678706      1
0.09853765015893644      1
0.09887717589901364      1
0.09921787152418542      1
0.09955974106546027      1
0.09990278856773603      1
0.10024701808984789      1
0.10059243370461635      1
0.10093903949889542      1
0.10128683957362083      1
0.10163583804385881      1
0.10198603903885461      1
0.10233744670208139      1
0.10269006519128929      1
0.10304389867855443      1
0.10339895135032857      1
0.10375522740748847      1
0.10411273106538563      1
0.10447146655389604      1
0.10483143811747046      1
0.1051926500151845      1
0.10555510652078902      1
0.10591881192276073      1
0.10628377052435278      1
0.10664998664364599      1
0.10701746461359962      1
0.1073862087821029      1
0.10775622351202613      1
0.10812751318127269      1
0.10850008218283061      1
0.1088739349248246      1
0.10924907583056824      1
0.10962550933861613      1
0.1100032399028167      1
0.11038227199236472      1
0.11076261009185427      1
0.11114425870133159      1
0.1115272223363486      1
0.11191150552801622      1
0.11229711282305793      1
0.11268404878386366      1
0.11307231798854356      1
0.11346192503098249      1
0.11385287452089414      1
0.11424517108387569      1
0.11463881936146232      1
0.11503382401118246      1
0.11543018970661269      1
0.1158279211374331      1
0.11622702300948261      1
0.11662750004481494      1
0.11702935698175426      1
0.11743259857495138      1
0.11783722959543994      1
0.11824325483069272      1
0.11865067908467862      1
0.11905950717791923      1
0.119469743947546      1
0.11988139424735728      1
0.120294462947876      1
0.12070895493640718      1
0.12112487511709573      1
0.12154222841098455      1
0.12196101975607254      1
0.1223812541073734      1
0.12280293643697393      1
0.12322607173409306      1
0.12365066500514063      1
0.12407672127377696      1
0.12450424558097206      1
0.12493324298506532      1
0.12536371856182543      1
0.12579567740451023      1
0.12622912462392727      1
0.12666406534849406      1
0.12710050472429887      1
0.12753844791516145      1
0.1279779001026943      1
0.12841886648636397      1
0.12886135228355247      1
0.12930536272961912      1
0.12975090307796225      1
0.1301979786000817      1
0.13064659458564098      1
0.13109675634253      1
0.13154846919692753      1
0.13200173849336466      1
0.1324565695947878      1
0.13291296788262222      1
0.13337093875683545      1
0.13383048763600158      1
0.13429161995736522      1
0.13475434117690563      1
0.13521865676940165      1
0.13568457222849595      1
0.13615209306676065      1
0.13662122481576205      1
0.13709197302612647      1
0.13756434326760536      1
0.13803834112914184      1
0.13851397221893652      1
0.1389912421645138      1
0.1394701566127886      1
0.13995072123013294      1
0.14043294170244336      1
0.1409168237352078      1
0.14140237305357353      1
0.1418895954024143      1
0.14237849654639892      1
0.1428690822700591      1
0.14336135837785802      1
0.14385533069425904      1
0.1443510050637943      1
0.14484838735113442      1
0.14534748344115747      1
0.14584829923901876      1
0.14635084067022053      1
0.1468551136806823      1
0.14736112423681116      1
0.14786887832557227      1
0.14837838195455982      1
0.1488896411520678      1
0.1494026619671618      1
0.14991745046975025      1
0.15043401275065646      1
0.15095235492169023      1
0.15147248311572079      1
0.15199440348674897      1
0.15251812220998007      1
0.15304364548189706      1
0.15357097952033355      1
0.15410013056454783      1
0.15463110487529635      1
0.15516390873490804      1
0.15569854844735823      1
0.15623503033834377      1
0.15677336075535744      1
0.1573135460677635      1
0.1578555926668723      1
0.15839950696601682      1
0.1589452954006279      1
0.15949296442831065      1
0.16004252052892085      1
0.1605939702046413      1
0.16114731998005932      1
0.1617025764022435      1
0.1622597460408214      1
0.16281883548805695      1
0.16337985135892888      1
0.16394280029120878      1
0.1645076889455396      1
0.16507452400551456      1
0.16564331217775596      1
0.16621406019199497      1
0.16678677480115095      1
0.16736146278141148      1
0.16793813093231227      1
0.168516786076818      1
0.16909743506140285      1
0.16968008475613147      1
0.1702647420547404      1
0.17085141387471933      1
0.17144010715739336      1
0.17203082886800491      1
0.1726235859957962      1
0.17321838555409158      1
0.17381523458038123      1
0.17441414013640383      1
0.17501510930823028      1
0.17561814920634772      1
0.17622326696574322      1
0.17683046974598873      1
0.17743976473132547      1
0.1780511591307491      1
0.1786646601780946      1
0.17928027513212247      1
0.17989801127660426      1
0.18051787592040883      1
0.18113987639758877      1
0.18176402006746709      1
0.18239031431472458      1
0.183018766549487      1
0.1836493842074128      1
0.18428217474978084      1
0.1849171456635791      1
0.1855543044615931      1
0.1861936586824947      1
0.18683521589093116      1
0.18747898367761506      1
0.18812496965941383      1
0.1887731814794399      1
0.18942362680714117      1
0.1900763133383916      1
0.1907312487955825      1
0.1913884409277139      1
0.1920478975104861      1
0.1927096263463914      1
0.1933736352648071      1
0.1940399321220876      1
0.19470852480165746      1
0.1953794212141049      1
0.1960526292972749      1
0.19672815701636373      1
0.19740601236401276      1
0.1980862033604033      1
0.19876873805335107      1
0.19945362451840198      1
0.20014087085892726      1
0.20083048520621957      1
0.20152247571958917      1
0.20221685058646008      1
0.2029136180224676      1
0.2036127862715551      1
0.20431436360607175      1
0.20501835832687      1
0.2057247787634043      1
0.20643363327382952      1
0.2071449302450996      1
0.20785867809306713      1
0.20857488526258242      1
0.20929356022759396      1
0.2100147114912485      1
0.21073834758599164      1
0.2114644770736684      1
0.21219310854562526      1
0.21292425062281128      1
0.2136579119558804      1
0.2143941012252933      1
0.2151328271414207      1
0.2158740984446462      1
0.21661792390546952      1
0.21736431232461056      1
0.21811327253311308      1
0.2188648133924498      1
0.21961894379462674      1
0.2203756726622888      1
0.22113500894882485      1
0.2218969616384742      1
0.2226615397464326      1
0.22342875231895892      1
0.22419860843348238      1
0.22497111719870946      1
0.2257462877547323      1
0.22652412927313648      1
0.2273046509571097      1
0.2280878620415502      1
0.2288737717931769      1
0.22966238951063817      1
0.23045372452462243      1
0.23124778619796835      1
0.23204458392577534      1
0.23284412713551525      1
0.2336464252871436      1
0.23445148787321166      1
0.23525932441897826      1
0.2360699444825233      1
0.23688335765486027      1
0.23769957356004995      1
0.23851860185531423      1
0.2393404522311501      1
0.24016513441144485      1
0.24099265815359075      1
0.2418230332486007      1
0.24265626952122352      1
0.24349237683006109      1
0.24433136506768435      1
0.24517324416075054      1
0.24601802407012074      1
0.24686571479097727      1
0.2477163263529427      1
0.24856986882019788      1
0.2494263522916015      1
0.25028578690080894      1
0.25114818281639284      1
0.2520135502419631      1
0.2528818994162877      1
0.2537532406134134      1
0.25462758414278813      1
0.2555049403493823      1
0.2563853196138115      1
0.2572687323524593      1
0.2581551890176      1
0.2590447000975232      1
0.25993727611665723      1
0.2608329276356941      1
0.26173166525171365      1
0.26263349959831006      1
0.2635384413457168      1
0.26444650120093327      1
0.2653576899078515      1
0.2662720182473829      1
0.26718949703758615      1
0.2681101371337952      1
0.26903394942874786      1
0.26996094485271377      1
0.270891134373625      1
0.271824528997205      1
0.27276113976709904      1
0.27370097776500507      1
0.2746440541108041      1
0.2755903799626929      1
0.2765399665173151      1
0.2774928250098942      1
0.2784489667143658      1
0.2794084029435121      1
0.2803711450490948      1
0.2813372044219898      1
0.282306592492322      1
0.2832793207296001      1
0.28425540064285304      1
0.2852348437807657      1
0.2862176617318156      1
0.2872038661244099      1
0.2881934686270233      1
0.28918648094833577      1
0.29018291483737146      1
0.2911827820836374      1
0.29218609451726274      1
0.2931928640091395      1
0.29420310247106235      1
0.29521682185587006      1
0.296234034157586      1
0.2972547514115613      1
0.2982789856946164      1
0.2993067491251844      1
0.3003380538634537      1
0.30137291211151274      1
0.30241133611349413      1
0.3034533381557192      1
0.30449893056684374      1
0.30554812571800344      1
0.30660093602296074      1
0.3076573739382515      1
0.3087174519633325      1
0.30978118264072874      1
0.31084857855618275      1
0.3119196523388029      1
0.312994416661213      1
0.3140728842397025      1
0.31515506783437586      1
0.31624098024930514      1
0.3173306343326804      1
0.31842404297696203      1
0.3195212191190331      1
0.32062217574035273      1
0.32172692586710955      1
0.3228354825703758      1
0.3239478589662621      1
0.3250640682160721      1
0.32618412352645904      1
0.32730803814958154      1
0.32843582538326044      1
0.3295674985711359      1
0.3307030711028258      1
0.33184255641408383      1
0.33298596798695845      1
0.3341333193499528      1
0.33528462407818366      1
0.3364398957935436      1
0.3375991481648611      1
0.3387623949080627      1
0.3399296497863348      1
0.3411009266102872      1
0.342276239238116      1
0.3434556015757678      1
0.3446390275771044      1
0.34582653124406687      1
0.3470181266268427      1
0.34821382782403126      1
0.3494136489828106      1
0.3506176042991045      1
0.35182570801775154      1
0.3530379744326725      1
0.3542544178870404      1
0.3554750527734489      1
0.35669989353408416      1
0.35792895466089486      1
0.3591622506957636      1
0.3603997962306794      1
0.36164160590790967      1
0.3628876944201742      1
0.3641380765108186      1
0.36539276697398904      1
0.3666517806548064      1
0.3679151324495433      1
0.36918283730579926      1
0.37045491022267796      1
0.3717313662509649      1
0.37301222049330474      1
0.37429748810438085      1
0.3755871842910942      1
0.3768813243127436      1
0.37817992348120527      1
0.37948299716111533      1
0.3807905607700508      1
0.38210262977871223      1
0.38341921971110693      1
0.3847403461447316      1
0.3860660247107584      1
0.38739627109421854      1
0.38873110103418845      1
0.39007053032397543      1
0.39141457481130526      1
0.3927632503985093      1
0.3941165730427127      1
0.39547455875602333      1
0.39683722360572055      1
0.3982045837144464      1
0.3995766552603957      1
0.4009534544775077      1
0.40233499765565744      1
0.40372130114084975      1
0.4051123813354118      1
0.4065082546981874      1
0.4079089377447313      1
0.4093144470475054      1
0.4107247992360743      1
0.41214001099730224      1
0.4135600990755505      1
0.41498508027287506      1
0.41641497144922623      1
0.41784978952264773      1
0.4192895514694769      1
0.4207342743245449      1
0.42218397518137957      1
0.4236386711924067      1
0.4250983795691533      1
0.42656311758245136      1
0.4280329025626413      1
0.42950775189977863      1
0.4309876830438383      1
0.4324727135049221      1
0.43396286085346464      1
0.4354581427204428      1
0.43695857679758315      1
0.43846418083757177      1
0.4399749726542644      1
0.4414909701228963      1
0.44301219118029517      1
0.4445386538250924      1
0.44607037611793643      1
0.4476073761817057      1
0.44914967220172425      1
0.4506972824259761      1
0.4522502251653214      1
0.45380851879371303      1
0.4553721817484136      1
0.45694123253021446      1
0.458515689703654      1
0.4600955718972375      1
0.4616808978036569      1
0.46327168618001313      1
0.46486795584803725      1
0.4664697256943133      1
0.46807701467050195      1
0.46968984179356393      1
0.47130822614598644      1
0.47293218687600774      1
0.47456174319784444      1
0.47619691439191786      1
0.4778377198050834      1
0.4794841788508587      1
0.4811363110096537      1
0.4827941358290002      1
0.48445767292378455      1
0.4861269419764788      1
0.48780196273737386      1
0.48948275502481325      1
0.4911693387254269      1
0.4928617337943675      1
0.4945599602555461      1
0.49626403820186915      1
0.4979739877954754      1
0.49968982926797595      1
0.5014115829206925      1
0.5031392691248981      1
0.504872908322058      1
0.5066125210240708      1
0.5083581278135125      1
0.5101097493438793      1
0.5118674063398321      1
0.5136311195974408      1
0.5154009099844322      1
0.5171767984404353      1
0.5189588059772298      1
0.5207469536789948      1
0.5225412627025572      1
0.5243417542776434      1
0.5261484497071299      1
0.5279613703672956      1
0.5297805377080734      1
0.5316059732533062      1
0.5334376986009998      1
0.5352757354235793      1
0.5371201054681455      1
0.5389708305567311      1
0.5408279325865607      1
0.5426914335303086      1
0.5445613554363594      1
0.5464377204290678      1
0.548320550709022      1
0.5502098685533052      1
0.5521056963157597      1
0.5540080564272513      1
0.5559169713959338      1
0.5578324638075169      1
0.5597545563255326      1
0.5616832716916034      1
0.5636186327257103      1
0.5655606623264654      1
0.5675093834713802      1
0.5694648192171395      1
0.571426992699872      1
0.5733959271354261      1
0.5753716458196437      1
0.5773541721286358      1
0.5793435295190594      1
0.5813397415283942      1
0.5833428317752223      1
0.5853528239595066      1
0.5873697418628725      1
0.5893936093488871      1
0.5914244503633438      1
0.5934622889345446      1
0.5955071491735842      1
0.5975590552746363      1
0.5996180315152377      1
0.6016841022565784      1
0.6037572919437878      1
0.6058376251062249      1
0.6079251263577671      1
0.6100198203971035      1
0.612121732008026      1
0.6142308860597224      1
0.6163473075070713      1
0.6184710213909359      1
0.6206020528384625      1
0.6227404270633758      1
0.6248861693662792      1
0.6270393051349512      1
0.6291998598446489      1
0.6313678590584079      1
0.6335433284273445      1
0.6357262936909605      1
0.6379167806774455      1
0.640114815303985      1
0.6423204235770654      1
0.6445336315927831      1
0.6467544655371507      1
0.6489829516864098      1
0.6512191164073404      1
0.6534629861575733      1
0.6557145874859015      1
0.6579739470325974      1
0.6602410915297254      1
0.6625160478014595      1
0.6647988427644003      1
0.6670895034278926      1
0.669388056894347      1
0.6716945303595586      1
0.6740089511130303      1
0.6763313465382936      1
0.6786617441132351      1
0.6810001714104202      1
0.6833466560974194      1
0.6857012259371361      1
0.6880639087881341      1
0.6904347326049685      1
0.6928137254385158      1
0.6952009154363062      1
0.6975963308428553      1
0.7000000000000002      1
0.7006999999999999      0.9998831902717334
0.704129473699918      0.9998827553141191
0.7075757324574334      0.9998815205656357
0.7110388584245565      0.9998810612232863
0.7145189341553783      0.9998799353793039
0.7180160426080391      0.9998791142102602
0.7215302671467055      0.9998784244819849
0.725061691543558      0.9998772054276689
0.7286103999807876      0.9998766017619893
0.7321764770526029      0.9998749680707784
0.7357600077672463      0.999874359681417
0.7393610775490207      0.9998731617047296
0.7429797722403259      0.9998721340855188
0.7466161781037045      0.9998711916734756
0.7502703818238986      0.9998693132365539
0.7539424705099163      0.9998688458645
0.7576325316971078      0.9998671697855099
0.7613406533492523      0.999866549430395
0.7650669238606548      0.999865236277712
0.7688114320582535      0.9998636827784168
0.7725742672037368      0.9998627908107577
0.7763555189956717      0.9998605959103339
0.7801552775716414      0.9998603932636358
0.7839736335103945      0.9998586484204459
0.7878106778340039      0.9998575265948099
0.7916665020100371      0.9998560678028287
0.7955411979537357      0.9998542421666236
0.7994348580302073      0.999853528254265
0.8033475750566272      0.9998510953390461
0.8072794423044504      0.9998505548565293
0.8112305535016356      0.9998481702309402
0.8152010028348794      0.9998466501455432
0.8191908849518612      0.9998450571089124
0.8232002949634997      0.9998426435645351
0.8272293284462201      0.999841950536845
0.8312780814442324      0.9998386565282907
0.8353466504718211      0.9998377551225955
0.8394351325156456      0.9998352319485246
0.8435436250370524      0.9998333453547762
0.8476722259743982      0.9998317868767069
0.8518210337453846      0.9998287708689013
0.8559901472494048      0.9998277261345762
0.8601796658698998      0.9998240051038448
0.864389689476729      0.9998228209465999
0.8686203184285498      0.9998201288091839
0.8728716535752107      0.999817697333126
0.8771437962601547      0.9998161768616367
0.8814368483228356      0.9998118188363195
0.8857509121011458      0.9998108832321179
0.890086090433855      0.9998067319426731
0.8944424866630628      0.9998050870835109
0.8988202046366611      0.9998021775216318
0.9032193487108106      0.9997989485333758
0.9076400237524274      0.9997973189657235
0.9120823351416839      0.9997914660920355
0.9165463887745201      0.9997907201396377
0.9210322910651683      0.9997860346580332
0.9255401489486895      0.9997837195037677
0.930070069883523      0.9997805871434374
0.9346221618540477      0.9997761388739906
0.9391965333731558      0.999773981950123
0.9437932934848406      0.9997666317942335
0.9484125517667948      0.9997652492593996
0.9530544183330236      0.9997597019189608
0.9577190038364686      0.9997560865313082
0.9624064194716463      0.9997522991997385
0.9671167769772984      0.9997461266075068
0.9718501886390555      0.9997443860407512
0.976606767292114      0.9997361419739743
0.9813866263239256      0.9997338401152178
0.9861898796769003      0.999727436482867
0.9910166418511223      0.9997223214179703
0.99586702790708      0.9997180654324611
1.0007411534684088      0.9997097404688671
1.0056391347246463      0.9997079151328533
1.0105610884340035      0.9996992377667198
1.0155071319261473      0.999695602901223
1.020477383104997      0.9996881839205962
1.0254719604515359      0.9996810123205014
1.030490983026635      0.9996761659458759
1.0355345704738916      0.9996649712192309
1.0406028430224805      0.9996630271402479
1.0456959214900212      0.9996528647308487
1.0508139272854566      0.9996485980302641
1.055956982411949      0.9996405232216453
1.0611252094697865      0.9996306096440022
1.0663187316593066      0.9996250677987095
1.071537672783833      0.9996101404620362
1.0767821572526266      0.9996080693618562
1.082052310083851      0.9995960298430074
1.0873482569075534      0.9995892998768258
1.0926701239686585      0.9995806186305901
1.0980180381299784      0.9995685072598156
1.1033921268752367      0.9995632446853716
1.1087925183121075      0.9995454753321048
1.1142193411752692      0.9995413609989634
1.119672724829473      0.9995271279975667
1.1251527992726276      0.999517118567805
1.1306596951388967      0.9995068915088166
1.1361935437018142      0.9994902098863208
1.141754476877413      0.9994844977696266
1.1473426272273701      0.9994650527076128
1.1529581279621657      0.9994596448335049
1.1586011129442595      0.9994445582894632
1.1642717166912815      0.9994303316381731
1.169970074379238      0.9994183752397342
1.1756963218457357      0.9993958903327417
1.1814505955932175      0.9993893035583662
1.1872330327922178      0.9993662189418481
1.1930437712846327      0.9993570163625984
1.1988829495870041      0.999339111473513
1.2047507068938244      0.9993211077391471
1.2106471830808518      0.9993090359287591
1.2165725187084468      0.9992811305295483
1.2225268550249215      0.9992755984230738
1.2285103339699075      0.9992493543663273
1.2345230981777389      0.9992352624373456
1.2405652909808529      0.9992142539250836
1.2466370564132063      0.9991894013503454
1.2527385392137096      0.9991753168900734
1.2588698848296753      0.9991388853638195
1.265031239420288      0.9991320666634342
1.2712227498600865      0.9991022879427256
1.2774445637424652      0.9990839857994825
1.2836968293831934      0.999061697055201
1.2899796958239498      0.9990305092825887
1.2962933128358758      0.9990166117734317
1.3026378309231461      0.9989762602815538
1.3090134013265562      0.9989646472687334
1.315420176027127      0.998929885858863
1.3218583077497281      0.9989037865459826
1.3283279499667198      0.9988778898138313
1.3348292569016091      0.9988362259034391
1.3413623835327286      0.9988202458967638
1.3479274855969285      0.998772959900663
1.3545247195932915      0.9987563219041141
1.361154242786861      0.9987186129709693
1.3678162132123919      0.9986854127425084
1.374510789678117      0.9986583927923729
1.3812381317695326      0.9986067455294112
1.3879983998532028      0.9985916619188393
1.3947917550805824      0.9985398279039904
1.4016183593918592      0.9985155918452336
1.4084783755198125      0.9984721646684909
1.4153719669936935      0.9984272061882881
1.4222992981431246      0.9983963870325121
1.4292605341020141      0.9983294376311076
1.436255840812495      0.9983126283702948
1.4432853850288787      0.9982527271556582
1.450349334321633      0.9982200566884306
1.457447857081373      0.9981737371904106
1.464581122522878      0.9981177818560497
1.4717493006891245      0.9980865648642717
1.4789525624553386      0.9980073235343644
1.4861910795330708      0.9979903638008648
1.4934650244742893      0.9979257502151369
1.5007745706754911      0.997884229883602
1.5081198923818386      0.9978331979519478
1.5155011646913101      0.9977603430183534
1.5229185635588773      0.9977256592845982
1.530372265800696      0.9976351654253851
1.5378624490983233      0.9976073095129193
1.5453892920029535      0.9975339458057405
1.552952973939673      0.9974771250933651
1.560553675211738      0.9974227391035345
1.568191577004872      0.9973340267682089
1.5758668613915874      0.9973006010642667
1.5835797113355221      0.9972028739642483
1.5913303106958032      0.9971665092475998
1.5991188442314304      0.9970891864478876
1.6069454976056778      0.9970192852671782
1.6148104573905224      0.9969642854937624
1.6227139110710898      0.9968554870848539
1.6306560470501243      0.9968184053417356
1.6386370546524807      0.9967074191862371
1.6466571241296346      0.9966539634967609
1.6547164466642221      0.996566542335578
1.6628152143745933      0.9964741611294241
1.6709536203193935      0.9964126474726169
1.6791318585021653      0.9962777652561776
1.6873501238759743      0.9962446462110552
1.695608612348054      0.996127372787006
1.703907520784478      0.9960613957422819
1.712247047014852      0.9959719255998968
1.72062738983703      0.9958617110273706
1.7290487490218522      0.9958026813850466
1.7375113253179084      0.99565181917884
1.746015320456324      0.9956148238968309
1.7545609371555664      0.9954859840582778
1.7631483791262794      0.9953984900730068
1.7717778510761395      0.9953012515339563
1.780449558714734      0.9951631078949349
1.7891637087584658      0.9951008361445224
1.7979205089354822      0.9949348154801503
1.8067201679906235      0.9948836418302157
1.8155628956904033      0.9947518010626886
1.8244489028280049      0.994648391642705
1.833378401228309      0.9945537852771201
1.8423516037529424      0.9943938828161762
1.851368724305351      0.9943396638604423
1.8604299778359004      0.9941694519391423
1.8695355803470004      0.9941024296731066
1.8786857488982507      0.9939610638839562
1.8878807016116195      0.9938304753908558
1.8971206576766406      0.993731314886905
1.9064058373556378      0.9935372454503175
1.915736461988978      0.9934837019693922
1.925112754000346      0.9933008902172121
1.934534936902046      0.9932171529395974
1.9440032353003314      0.9930793332477383
1.953517874900757      0.9929305864073529
1.9630790825135611      0.9928413203359027
1.9726870860590728      0.9926229282613795
1.982342114573141      0.9925859056339206
1.9920443982125995      0.9923968668641935
2.001794168260751      0.9922880091813248
2.011591657132878      0.9921449666255601
2.021437098381789      0.9919639845220071
2.031330726703381      0.991875159021015
2.0412727779422344      0.991634261392662
2.0512634890972388      0.9915865828317947
2.06130309832724      0.9913993569550511
2.0713918449567146      0.9912783960241206
2.0815299694814815      0.9911486960154903
2.0917177135744285      0.9909497227202702
2.1019553200912777      0.9908815293145765
2.112243033076373      0.9906333948076186
2.1225810977684962      0.9905638646000787
2.1329697606067155      0.9903716886415957
2.1434092692362596      0.9902218969405968
2.1538998725144194      0.9900933114446342
2.164441820516482      0.9898584921674074
2.1750353645416913      0.989797593271556
2.185680757119239      0.9895572466200848
2.196378252014283      0.989483925715693
2.2071281042339996      0.9893106861949765
2.217930570033658      0.9891517300217623
2.2287859069227327      0.9890315583321645
2.2396943736710417      0.9887591208055133
2.2506562303149114      0.9887087098881515
2.2616717381633795      0.9884650391779987
2.272741159804424      0.9883674344073423
2.283864759111218      0.9881970921929562
2.295042801248426      0.9880073088154526
2.306275552678522      0.9879145155833445
2.3175632811681393      0.9876279423695133
2.328906255794459      0.9876169742248558
2.340304746951619      0.9873844864751103
2.351759026357162      0.9872610620995599
2.363269367058514      0.9870971278150593
2.374836043439489      0.9868752989288208
2.3864593312268347      0.9867951391127603
2.3981395074968033      0.9865011150757387
2.409876850681754      0.9864782598962452
2.4216716405767937      0.986267339543177
2.433524158346447      0.9861464105713904
2.445434686531354      0.9860229730731235
2.4574035090550117      0.9857681292450846
2.4694309112305373      0.9857036529421905
2.4815171797674718      0.9854131076212195
2.493662602778614      0.9853701219010434
2.50586746978689      0.9851692927662101
2.518132071732251      0.9850226170192509
2.5304567009786134      0.9849148817833268
2.5428416513208254      0.9846603802984558
2.5552872179916704      0.9846502724055224
2.567793697668907      0.9843691727327953
2.5803613884823378      0.9843045617174183
2.5929905900209196      0.9841170222108988
2.605681603339904      0.9839437528980701
2.6184347309680107      0.9838551917481981
2.6312502769146455      0.9835693851309883
2.644128546677142      0.9835843356825114
2.6570698472480454      0.9833520338484515
2.670074487122432      0.9832841280761757
2.683142776305262      0.9831063019186752
2.6962750263187685      0.9828982875079074
2.7094715502098863      0.9828231873166247
2.722732662557712      0.982497460746003
2.7360586794810025      0.9825301881127694
2.749449918645714      0.9823061374919816
2.762906699272569      0.982228265715649
2.776429342144672      0.9821023027022332
2.790018169615154      0.9818646792589857
2.8036735056148525      0.9818134213038807
2.8173956756600402      0.9815011723127189
2.8311850068601823      0.9815168544366522
2.8450418279257303      0.9813125544890617
2.858966469175963      0.9812127775643292
2.8729592625468596      0.9811205460006978
2.887020541599008      0.9808850392649218
2.9011506415255632      0.9808601488269384
2.9153498991602325      0.980566201391549
2.929618652985306      0.9805631043667964
2.943957243139727      0.9803821440017179
2.9583660114271986      0.9802606139702456
2.9728453013243317      0.9801965404811459
2.9873954579888347      0.9799536180122622
3.0020168282677377      0.9799678167815845
3.016709760705665      0.9796961528565126
3.0314746055531416      0.9796744735708357
3.04631171477494      0.9795203898142891
3.061221442058475      0.9793777368290384
3.0762041428222333      0.9793450453918684
3.0912601742242427      0.9790786995790639
3.106389895170591      0.9791415081975507
3.1215936663239794      0.9788958301069057
3.136871850112318      0.9788562757915844
3.1522248107373696      0.9787327569088857
3.167652914183429      0.9785700540033027
3.1831565282260446      0.9785717239438632
3.1987360224407935      0.9782902772278173
3.214391768212081      0.9783860511683378
3.230124138742003      0.9781699990334366
3.2459335090592387      0.9781131675098268
3.261820256027986      0.9780231855158429
3.2777847583569546      0.9778379473973915
3.293827396608386      0.9778643981045472
3.3099485532071276      0.9776029276038581
3.3261486124497504      0.9776564872079204
3.3424279605137093      0.9774534327341002
3.3587869854665455      0.9773598828261736
3.3752260772751437      0.9772858801385483
3.391745627815023      0.9770662580433973
3.4083460308796782      0.9771248614396073
3.4250276821899717      0.9768912312356434
3.4417909794035606      0.9769086920838778
3.4586363221243825      0.976740392195269
3.4755641119121767      0.9766307168979833
3.492574752292057      0.9765952810415991
3.5096686487641326      0.9763586884208256
3.5268462088131756      0.9764595636148934
3.5441078419183283      0.9762328040657622
3.561453959562873      0.9762345983684536
3.5788849752440353      0.9761048328604827
3.5964013044828413      0.9759811260743303
3.614003364834026      0.9759878943325542
3.6316915758959847      0.9757366920439864
3.649466359320773      0.9758759516007969
3.6673281388241654      0.9756515921624405
3.685277340195747      0.9756421480958511
3.70331439130907      0.9755547956417033
3.721439722131852      0.9754194616161017
3.739653764736221      0.9754721919755042
3.7579569533090234      0.9752259187345512
3.7763497241621677      0.9753315579127737
3.7948325157430256      0.9751412089958369
3.8134057686448872      0.9751019783349265
3.8320699256174637      0.975033144104596
3.8508254315774355      0.9748612707600155
3.869672733619066      0.9749352358387213
3.8886122810248565      0.9746489057035413
3.9076445252762526      0.9747194216783672
3.9267699200644124      0.9745560987782053
3.94598892130102      0.974502363381898
3.9653019871291493      0.974481922724074
3.9847095779341912      0.9743022783675912
4.004212156354823      0.9743663921039465
4.0238101872940435      0.9741091775887158
4.043504137930247      0.9741746876980999
4.063294477728365      0.9740605158103092
4.0831816784510595      0.974001972627752
4.103166214169963      0.9740341660290578
4.123248561276983      0.9737774889075326
4.143429198495657      0.9738775454018467
4.163708606892565      0.9736702293544419
4.184087269888799      0.9737337336137483
4.204565673271482      0.9736729511532435
4.225144305205353      0.9736035581551651
4.2458236562444      0.9736069442280969
4.266604219343559      0.9733333494559719
4.287486489870458      0.9734565116430232
4.308470965617233      0.9732711005985237
4.329558146812389      0.9733022868782392
4.350748536132724      0.9732332845038577
4.372042638715319      0.9730559153807518
4.393440962169573      0.9730852127031527
4.414944016589301      0.9728079775524068
4.436552314564902      0.972963492734813
4.458266371195574      0.9728353678390873
4.480086704101589      0.9728047490888566
4.502013833436638      0.9727410673196987
4.52404828190023      0.9725638946766516
4.546190574750146      0.9726535994931782
4.568441239814969      0.9724346957801016
4.5908008075066595      0.9725799434242554
4.6132698108331995      0.9724243309496619
4.635848785411307      0.9723752566493623
4.658538269479189      0.9723731040644604
4.681338803909388      0.9721996758575308
4.704250932221668      0.972354389036721
4.7272752005959635      0.9721357106270342
4.750412157885416      0.9721856386098692
4.773662355629443      0.9720571699124356
4.7970263480668915      0.9719783797236685
4.820504692149251      0.9720045858217954
4.84409794755393      0.9717780274798723
4.867806676697591      0.9718708236005846
4.891631444749568      0.9716510461280493
4.915572819645332      0.9717022019159043
4.9396313721000285      0.9716384755166033
4.963807675622089      0.9715685638113534
4.988102306526895      0.9715811429987518
5.0125158439505215      0.9712930387509761
5.03704886986354      0.9714549631229602
5.061701969084888      0.9713023510490155
5.08647572929582      0.9713660453363718
5.111370741053909      0.971319321205759
5.13638759780712      0.9711657554897998
5.161526895907969      0.9712376825559592
5.186789234627732      0.9709974163021405
5.212175216170722      0.9711730957287142
5.2376854456886655      0.9710415329787967
5.263320531295107      0.9709894733073214
5.289081084079916      0.9709318282623901
5.314967718123854      0.970751322928093
5.340981050513206      0.970856905718254
5.367121701354502      0.9706434304707561
5.39339029378929      0.9707196461468817
5.41978745400899      0.9705741483710614
5.446313811269829      0.970530926731452
5.4729699979078354      0.9705487312089899
5.499756649353912      0.9703846004031373
5.526674404148987      0.970479976030351
5.553723903959234      0.9702478343767311
5.5809057935913655      0.9703426809796568
5.608220721008009      0.9702737948819243
5.635669337343151      0.9702499720958827
5.663252296917652      0.9702717186846235
5.6909702572548575      0.97002149560533
5.718823879096262      0.9701551346021701
5.746813826417261      0.9699718898609158
5.7749407664429855      0.9700490341642258
5.803205369664194      0.9699515166504508
5.831608309853272      0.9698029904901774
5.860150264080283      0.9698358240699565
5.888831912729107      0.9695657580143876
5.917653939513669      0.9697692315938286
5.946617031494231      0.9695933572465214
5.975721879093767      0.9695866988360591
6.004969176114428      0.9695339902697637
6.03435961975408      0.9694080404619767
6.063893910622917      0.9695259678195924
6.093572752760172      0.9692694173098704
6.123396853650895      0.9694053577282907
6.153366924242813      0.9692681907702241
6.183483678963289      0.9692829511551413
6.213747835736341      0.9693094570794106
6.244160115999764      0.9691345641136434
6.274721244722327      0.9691871690121477
6.305431950421046      0.9689220330880407
6.336292965178563      0.969040146338451
6.367305024660591      0.9689449705496578
6.398468868133446      0.9688839386860488
6.429785238481681      0.968852098941456
6.461254882225789      0.968625962816479
6.49287854953999      0.9687685892844823
6.5246569942701305      0.9685914030608493
6.556590973951645      0.9686707686021605
6.588681249827608      0.9685555625176552
6.620928586866895      0.9684781544965333
6.653333753782402      0.9685374179449273
6.685897523049383      0.9683407997323016
6.718620670923861      0.9684966536294324
6.751503977461123      0.9682990878283881
6.784548226534328      0.9683392123733261
6.81775420585319      0.9682730225062163
6.851122706982746      0.9681836337896159
6.884654525362237      0.9681952546675028
6.918350460324064      0.9678709580915676
6.9522113151128435      0.9680433014140959
6.986237896904555      0.9678917735551862
7.020431016825786      0.9679513238099076
7.0547914899730575      0.9678652615923492
7.089320135432268      0.967693527423432
7.124017776298208      0.9677835661272552
7.158885239694193      0.9675521615193593
7.193923356791757      0.9677481535308433
7.229132962830494      0.9675782801641187
7.264514897137956      0.9675597583839294
7.3000700031496555      0.9675682872780289
7.335799128429179      0.9674225561944467
7.371703124688395      0.9675321377827595
7.407782847807737      0.9672393752458219
7.444039157856633      0.9673254190969417
7.480472919113989      0.9672044514231656
7.517085000088801      0.9671751552598037
7.553876273540857      0.9671746803852559
7.59084761650153      0.9669105568445769
7.627999910294705      0.9670362132246538
7.6653340405577755      0.9668362218947767
7.702850897262756      0.9669631000572875
7.7405513747375      0.9668567609804731
7.778436371687022      0.9667496478389572
7.816506791214904      0.9667946940294018
7.854763540844848      0.9665689273315564
7.893207532542298      0.9667988513974485
7.931839682736174      0.9665835419404046
7.9706609123407315      0.9665967591084418
8.009672146777492      0.9665112731594914
8.048874315997327      0.966395079910099
8.088268354502622      0.9664671641625227
8.127855201369535      0.9661220052784246
8.167635800270405      0.9662787639120581
8.207611099496235      0.9661150345187133
8.247782051979293      0.9661587715492003
8.288149615315842      0.9661191932342644
8.328714751788956      0.9659252740913369
8.369478428391467      0.9660116777892637
8.410441616849011      0.9657705301488803
8.451605293643192      0.9659748062125865
8.492970440034854      0.9658218198413058
8.53453804208749      0.9657798494426839
8.576309090690728      0.9657708078102241
8.618284581583968      0.9655974769997046
8.660465515380107      0.9657305043204815
8.702852897589388      0.9654224835995151
8.745447738643389      0.9654987309979651
8.788251053919092      0.9653760204128197
8.831263863763096      0.9653383329356177
8.874487193515932      0.9653542467291192
8.91792207353652      0.9650751311466521
8.961569539226705      0.9652076509827341
9.005430631055969      0.965008160329161
9.049506394586214      0.965134623611514
9.093797880496695      0.9650317484934194
9.138306144609059      0.9649175837093459
9.183032247912527      0.9649715985402829
9.22797725658916      0.9647370960210346
9.2731422420393      0.964936350742106
9.31852828090711      0.9646851436180724
9.364136455106216      0.9646870061306083
9.409967851845526      0.9646099330212728
9.456023563655114      0.9644923486994742
9.502304688412302      0.964553687606346
9.5488123293678      0.9642113262793772
9.595547595172025      0.9643740254250147
9.642511599901518      0.9642206886092852
9.689705463085506      0.9642708118653778
9.737130309732578      0.9642082935333831
9.78478727035753      0.9640139142224089
9.832677481008284      0.9641190886937627
9.880802083292993      0.9638902204270777
9.92916222440724      0.9640756262711784
9.977759057161379      0.9638982372986054
10.02659374000804      0.9638369784951132
10.075667437069722      0.9638100095787211
10.124981318166556      0.963613852425188
10.174536558844185      0.9637115450526073
10.224334340401791      0.963415858023093
10.27437584992024      0.9635045173816777
10.324662280290406      0.9634017232184955
10.375194830241586      0.963376742251128
10.425974704370086      0.9633457328330944
10.477003113167928      0.9630722741988339
10.52828127305172      0.9632329154151494
10.579810406391625      0.9630549448864095
10.631591741540532      0.9631542550319147
10.683626512863324      0.9630402652325288
10.735915960766295      0.962921084329186
10.788461331726738      0.9629602860976545
10.841263878322628      0.9626976123595494
10.894324859262516      0.9628235037301014
10.947645539415513      0.9625786893640768
11.001227189841446      0.962594565978644
11.055071087821158      0.9625467115697564
11.109178516886965      0.9624216870639177
11.163550766853227      0.9624400529844865
11.218189133847122      0.9621203175771704
11.273094920339538      0.9623084798637618
11.328269435176109      0.9621854689394257
11.383713993608422      0.9621770939526714
11.439429917325382      0.9621190255769358
11.495418534484685      0.9619367605062871
11.55168117974452      0.962055096825434
11.608219194295359      0.9618250206268814
11.665033925891933      0.961886269109374
11.722126728885373      0.9616963399313033
11.779498964255458      0.9616399930314671
11.837151999643108      0.9616505461184651
11.895087209382952      0.961408936703426
11.9533059745361      0.961487212510099
12.011809682923063      0.9612228145576723
12.070599729156845      0.9613421236362363
12.129677514676157      0.9612779443184417
12.189044447778867      0.9611517983511826
12.248701943655549      0.9611534884939404
12.308651424423212      0.9609026918959341
12.368894319159223      0.9611015667921722
12.429432063935337      0.9608974802644525
12.49026610185197      0.9608974591605333
12.551397883072578      0.9607661961278474
12.612828864858228      0.960638516300194
12.674560511602339      0.9607114938589979
12.736594294865597      0.9603437733831063
12.798931693411006      0.9604854058822708
12.86157419323918      0.9602797889462693
12.924523287623737      0.960330839874211
12.987780477146906      0.9602790540323096
13.051347269735295      0.960075800106713
13.115225180695848      0.9601408849094855
13.179415732751934      0.9598614910340486
13.243920456079692      0.9600914115679235
13.308740888344474      0.9598984607676415
13.373878574737512      0.9598433706811844
13.439335068012758      0.959781000512284
13.50511192852387      0.9595874383282462
13.57121072426145      0.959681168052066
13.637633030890393      0.9593345793315841
13.704380431787458      0.9594320165238348
13.771454518079006      0.9592886872439221
13.838856888678942      0.9592719661545038
13.9065891503268      0.9592218829859053
13.97465291762609      0.9589468454890504
14.04304981308275      0.9590786815907443
14.11178146714384      0.9588615582178088
14.180849518236407      0.9589834605835483
14.25025561280654      0.9588314889088427
14.320001405358603      0.9587207364678949
14.390088558494707      0.9587365140375086
14.460518742954319      0.9584845439133748
14.531293637654096      0.9585784698093132
14.602414929727917      0.958293939278707
14.673884314567069      0.9583251949692285
14.7457034958607      0.958247574050105
14.817874185636418      0.9581196151099538
14.890398104301088      0.9581095493416205
14.963276980681867      0.9577629222343045
15.0365125520674      0.9579647054966329
15.110106564249223      0.957813086319288
15.184060771563411      0.9577966329830129
15.258376936932377      0.9577108832665394
15.333056831906898      0.9575405972956844
15.408102236708352      0.9576359986723467
15.483514940271133      0.9573351525521471
15.559296740285331      0.9574167217662345
15.635449443239562      0.9571973247412425
15.711974864464036      0.9571623392958398
15.788874828173832      0.9571531583230107
15.866151167512388      0.9568799260568871
15.943805724595174      0.9569394283430106
16.02184035055365      0.9566465486656596
16.10025690557935      0.956796395015526
16.17905725896826      0.9566607717369484
16.25824328916535      0.9565508617227185
16.337816883809374      0.956534294415005
16.417779939777837      0.9563013417577837
16.498134363232253      0.9564777572433738
16.578882069663567      0.9561712923781567
16.6600249839378      0.9561939907811136
16.741565040341964      0.9560426348149386
16.823504182630135      0.9559416517487545
16.905844364069825      0.955943797875324
16.988587547488528      0.9555783098159103
17.07173570532051      0.9557098921402528
17.155290819653818      0.9554848234599448
17.239254882277557      0.955571210282317
17.32362989472933      0.9554210481846959
17.408417868342983      0.9552438152261898
17.493620824296553      0.9552991083321843
17.579240793660425      0.9550009037059761
17.66527981744576      0.9551898677755156
17.751739946653167      0.954942315465882
17.838623242321546      0.954908239206899
17.925931775577276      0.9548275968018853
18.013667627683553      0.9546489912935844
18.101832890090012      0.9546049680490861
18.190429664482593      0.9542069020378724
18.279460062833603      0.9543727894475984
18.368926207452116      0.9542501620722043
18.458830231034522      0.9542048344806496
18.549174276715394      0.9541176056694698
18.63996049811855      0.9538729579518958
18.731191059408427      0.9540026011886454
18.82286813534161      0.9537606345105205
18.91499391131875      0.9538168168836434
19.0075705834366      0.9536456443894562
19.100600358540397      0.9535561774238975
19.194085454276472      0.9535487101372704
19.288028099145063      0.9532205242473432
19.38243053255351      0.9532830751681054
19.477295004869596      0.9529861996454023
19.5726237774752      0.9530608692182234
19.6684191228202      0.9529514774908167
19.764683324476664      0.9527607013581191
19.86141867719324      0.9527468417337155
19.958627486949904      0.952434538299925
20.056312071012922      0.9526406298089286
20.154474757990073      0.9523751033367219
20.253117887886162      0.9523718098653842
20.35224381215882      0.9522784053650875
20.45185489377452      0.9521344807096965
20.551953507264944      0.9521594045210977
20.652542038783576      0.9517206535984438
20.753622886162567      0.9518473718313205
20.85519845896993      0.9516224048087101
20.95727117856692      0.9516339663773197
21.059843478165817      0.9515006902712028
21.162917802887897      0.9512431556036945
21.266496609821722      0.9513047532638882
21.37058236808172      0.951006322723044
21.475177558867045      0.9511495621175111
21.580284675520684      0.9509169203643543
21.685906223588965      0.950851713649524
21.792044720881226      0.9508370155249488
21.898702697529863      0.9506390022784833
22.005882696050634      0.9506398712433245
22.113587271403276      0.9502722705215938
22.221818991052373      0.95033652383678
22.330580435028615      0.9501854356769136
22.439874195990278      0.950055642222035
22.54970287928501      0.9499729629141379
22.660069103011974      0.9496482808469985
22.770975498084194      0.9497871403138003
22.882424708291357      0.9495507188448821
22.994419390362772      0.9495398897065351
23.106962214030727      0.9493811733996737
23.22005586209412      0.9492508521165607
23.33370303048243      0.9493129486872721
23.447906428319932      0.9489611497257476
23.562668777990353      0.9490348765385701
23.677992815201712      0.9487430881348747
23.79388128905155      0.9487452223099059
23.910336962092487      0.9486387546235263
24.027362610398004      0.9483695361352757
24.14496102362871      0.9483628737718479
24.263135005098786      0.9479943793158797
24.381887371842822      0.948188299193764
24.501220954682985      0.9479208356479107
24.62113859829648      0.9478454106084941
24.741643161283342      0.9477622443415138
24.86273751623465      0.9475662657056743
24.984424549800927      0.9476550660769175
25.106707162761012      0.9472775835114964
25.22958827009116      0.9473427884256075
25.35307080103457      0.9471277797124659
25.477157699171162      0.9470677782988259
25.601851922487803      0.946930102952766
25.7271564434488      0.9465938630550194
25.853074249066733      0.9466646819118328
25.9796083409737      0.9463701840649515
26.106761735492814      0.9464289284265166
26.23453746371017      0.9462009459036269
26.36293857154706      0.9460603092770007
26.4919681198326      0.9460541292134449
26.621629184376673      0.9457843231682584
26.751924856043296      0.9458501570047774
26.882858240824206      0.945546638898178
27.01443245991302      0.9455580249872297
27.146650649779563      0.9454206618589145
27.279515962244645      0.9452022669831807
27.41303156455521      0.945126611482716
27.547200639459845      0.9447228066843458
27.682026385284583      0.9448723795303438
27.817512016009246      0.9446229981057677
27.953660761343997      0.9445373076407279
28.090475866806333      0.9443849999108174
28.227960593798493      0.9441785420913935
28.366118219685116      0.9442505950043495
28.50495203787147      0.9438382308365082
28.644465357881895      0.9439464069586649
28.784661505438727      0.9437180349570784
28.925543822541545      0.9436741729691032
29.06711566754689      0.9435614029973944
29.20938041524823      0.9432200551879591
29.352341456956516      0.9432216780838797
29.49600220058096      0.9428570752301562
29.640366070710286      0.9429791508458293
29.785436508694367      0.9426928632066937
29.931216972726276      0.9425416557219085
30.077710937924657      0.9424661827785025
30.224921896416667      0.9421932876982984
30.372853357421146      0.9422665382487075
30.5215088473323      0.9418930312023868
30.67089190980376      0.9419372205282723
30.82100610583302      0.9417851960736466
30.97185501384639      0.94167224591142
31.123442229784256      0.9415361247547318
31.275771367186806      0.9411290735550006
31.428846057280165      0.9412090800431923
31.582669949062993      0.9409197993858137
31.737246709393386      0.9408756228398778
31.89258002307638      0.9406532256129382
32.04867359295175      0.940435843162304
32.20553113998228      0.9404381578673564
32.36315640334245      0.9400605358526414
32.52155314050757      0.9401351375743353
32.680725127343386      0.9398366422220452
32.840676158196075      0.939816099137681
33.00141004598266      0.9397413732424552
33.16293062228195      0.9394550175436116
33.32524173742585      0.9393962529409331
33.488347260591134      0.9389705664907707
33.65225107989172      0.9390818676569569
33.81695710247133      0.9388054980995344
33.98246925459661      0.9386427528807055
34.148791481750756      0.9384964722630703
34.31592774872758      0.9382120753177687
34.48388203972594      0.9382929580813627
34.652658358444825      0.9378506388922471
34.822260728178705      0.9378836684983358
34.99269319191352      0.9376610454737923
35.16395981242298      0.9375750113110335
35.33606467236544      0.9374888540750133
35.50901187438125      0.9371148754095717
35.68280554119055      0.9371337999227692
35.857449815691474      0.9367830655138439
36.03294886105903      0.9368078379206721
36.20930686084426      0.9365143545506358
36.38652801907393      0.9362851222363048
36.564616560350856      0.9362160316047718
36.74357672995456      0.9358642565381335
36.92341279394243      0.9359080830186676
37.10412903925147      0.9355383023403732
37.28572977380048      0.9355057616219195
37.468219326592695      0.9353595926915179
37.651602047819054      0.935156445085219
37.83588230896188      0.9350800724810132
38.02106450289906      0.9346453566986967
38.2071530440088      0.9347421908978675
38.39415236827478      0.9344668064576577
38.582066933392014      0.9343088152788935
38.77090121887303      0.9340905498679246
38.960659726154674      0.9337936965411691
39.15134697870541      0.9338020574662702
39.3429675221332      0.9333648699413455
39.53552592429374      0.9333847596488714
39.72902677539948      0.9330899353047534
39.923474688129      0.9329910202463948
40.11887429773694      0.9329089676258997
40.31523026216455      0.9325236569468134
40.51254726215061      0.9324896896064253
40.710830001343176      0.9320859716692826
40.9100832064116      0.9321610938045994
41.110311627159206      0.9318893463347804
41.31152003663656      0.9316668810154798
41.513713231255224      0.931524417321519
41.71689603090205      0.9311593360246032
41.92107327905418      0.9312051605272765
42.12624984289442      0.930762562883342
42.33243061342729      0.9307158359729444
42.53962050559563      0.9304962824433592
42.74782445839776      0.9303301185639015
42.95704743500514      0.9302047008294019
43.16729442288081      0.929757507406652
43.378570433898204      0.9298350268389967
43.59088050446064      0.9295391171669671
43.80422969562139      0.9294619130672908
44.01862309320424      0.9291782806975947
44.23406580792488      0.9288723237984005
44.45056297551261      0.9288057375205553
44.66811975683282      0.9283697474505107
44.88674133801      0.92837388483181
45.106432930551385      0.9280049716534915
45.3271997714711      0.9278907239025327
45.54904712341514      0.9277465297284865
45.77198027478675      0.9274162973566376
45.99600453987245      0.9273414494612625
46.22112525896879      0.9268968269636122
46.44734779850963      0.926978270937933
46.674677551194      0.9267262961044626
46.90311993611476      0.926498602927404
47.132680398887715      0.9262884247112095
47.36336441178143      0.9259139476426509
47.595177473847734      0.9259231451632742
47.828125111052664      0.9254396543207528
48.06221287640838      0.9253758523290945
48.2974463501054      0.9250806115562242
48.533831139645706      0.9248979386614241
48.77137287997635      0.9247698356403105
49.01007723362384      0.9243073369146775
49.249949890829015      0.9243075479293017
49.49099656968285      0.9239361282682652
49.73322301626264      0.9239498484731306
49.976635004769044      0.9236505963020215
50.22123833766369      0.9233610741642961
50.46703884580745      0.9232239999646074
50.71404238859957      0.9227798867986061
50.96225485411725      0.9227768918814624
51.21168215925599      0.9223316560753414
51.46233024987071      0.9221989923528815
51.71420510091745      0.9219772453035511
51.96731271659572      0.9217025378232101
52.2216591304918      0.9215494819533859
52.47725040572244      0.9210287833528079
52.73409263507943      0.9210904500362405
52.99219194117483      0.9207920097288294
53.251554476586975      0.9206206696210287
53.512186424007      0.9203885089346749
53.7740939963864      0.9200366481089419
54.03728343708502      0.919972117363342
54.30176102001995      0.9194899516440308
54.56753304981503      0.9194060783010224
54.83460586195111      0.9190325920435505
55.1029858229172      0.9188301026810903
55.37267933036212      0.9186813818675543
55.64369281324705      0.9182140436189237
55.916032731998804      0.918133744040313
56.189705578663805      0.9176843537023001
56.46471787706279      0.9176766575144414
56.74107618294645      0.9173706587623001
57.01878708415162      0.9170862583919693
57.29785720075834      0.9169263448263277
57.57829318524765      0.9165117406962932
57.86010172266024      0.916503588109659
58.143289530755645      0.9159843491374902
58.42786336017258      0.9158306222106588
58.713829994589766      0.9155283559229737
59.00119625088762      0.9152551285299839
59.289968979310835      0.9150697610574304
59.580155063631516      0.9145166259621478
59.8717614213135      0.9145083124886297
60.164795003677085      0.914129670141634
60.459262796064806      0.9140073867399706
60.755171818007916      0.9136941843808108
61.052529123393796      0.9133376500495314
61.35134180063393      0.9132491752000756
61.651616972833104      0.9127949932961353
61.953361797959055      0.9127113955364295
62.25658346901316      0.9122604231161224
62.561289214201906      0.9120354892616247
62.8674862971091      0.911803656934968
63.1751820168692      0.9113856850493811
63.48438370834114      0.9112214203526388
63.79509874228329      0.9106913709777908
64.1073345255291      0.9106578585476909
64.42109850116371      0.9103405933713092
64.73639814870128      0.9100325176563195
65.05324098426343      0.9097888356297259
65.37163456075831      0.9093592931658264
65.69158646806069      0.9093412348925105
66.01310433319286      0.9088543896226368
66.33619582050648      0.9086857848599091
66.66086863186518      0.908302172911981
66.98713050682832      0.9080047813157445
67.3149892228354      0.9078048920901407
67.64445259539139      0.9072288251700296
67.9755284782532      0.907133472633008
68.30822476361669      0.9066715337567741
68.64254938230503      0.9065656806960899
68.97851030395758      0.9061947190670407
69.31611553721996      0.9058129427108795
69.65537312993493      0.905637731056866
69.99629116933427      0.9051344427282749
70.33887778223144      0.9051190278465518
70.68314113521544      0.9046439767421579
71.02908943484559      0.9044100249706202
71.37673092784681      0.9040925429921424
71.72607390130642      0.9037188682816815
72.0771266828719      0.9034666779247027
72.42989764094891      0.9028528090246748
72.78439518490126      0.9027882288590067
73.14062776525104      0.9023933137967801
73.49860387388013      0.9021183744665401
73.85833204423291      0.9017873109595039
74.21982085151917      0.9013309681848672
74.58307891291912      0.9012228708721625
74.94811488778825      0.9007210682220839
75.314937477864      0.9005739491611559
75.68355542747345      0.9001645270918139
76.05397752374117      0.899864705544851
76.42621259679933      0.8996123375667683
76.80026951999763      0.8990413748411384
77.17615721011533      0.8988546624249295
77.5538846275734      0.8983059289763139
77.9334607766482      0.898166864235554
78.3148947056865      0.8977772949256103
78.69819550732055      0.8973656772266974
79.08337231868546      0.8970997856255895
79.4704343216365      0.89656801011114
79.85939074296816      0.8965252465078173
80.25025085463437      0.8959659778537317
80.643023973969      0.8957413059901963
81.03771946390852      0.8953942402953103
81.4343467332147      0.8950272050492468
81.83291523669912      0.8947498419462051
82.23343447544883      0.8940703573203108
82.63591399705217      0.8939475106028566
83.04036339582713      0.8934626286907094
83.44679231304941      0.8932225101906391
83.85521043718256      0.8927999832853768
84.26562750410913      0.8923118327279006
84.67805329736217      0.892109646836861
85.09249764835917      0.8915503487223119
85.50897043663569      0.8914045060360485
85.9274815900816      0.8909046214506839
86.34804108517709      0.8906031033930784
86.77065894723079      0.8903180867506089
87.195345250619      0.8898287702320673
87.62211011902522      0.8895460776261267
88.05096372568222      0.8889068689754607
88.48191629361386      0.8887284302608848
88.91497809587912      0.888305401716265
89.35015945581725      0.8878665827346348
89.78747074729317      0.8875051706423984
90.22692239494557      0.8869394991965132
90.66852487443472      0.8867979720355393
91.11228871269248      0.8862161377426939
91.55822448817351      0.8859542330540927
92.00634283110679      0.8855151108232714
92.45665442374981      0.8851355163632834
92.90917000064239      0.8848896333849844
93.36390034886338      0.8842290977021374
93.82085630828715      0.8840058051175917
94.28004877184222      0.8834264690731587
94.74148868577123      0.8831699128580072
95.20518704989126      0.8826943335308682
95.67115491785675      0.8821680294910172
96.13940339742234      0.8818655854755524
96.60994365070798      0.8812217447838645
97.08278689446523      0.8810902139013177
97.55794440034404      0.8804952690222477
98.0354274951622      0.8801542384034987
98.51524756117465      0.8797738371889224
98.99741603634509      0.8793155967986965
99.48194441461901      0.8790052553925638
99.96884424619687      0.8783282698696666
100.45812713781031      0.8781066366504504
100.94980475299815      0.8775849266674185
101.44388881238491      0.8771713267652226
101.9403910939598      0.8767095682345619
102.43932343335763      0.8761037778881691
102.94069772414133      0.8758578588503868
103.44452591808471      0.8752471338865114
103.9508200254582      0.87493852208944
104.45959211531444      0.8743996854499665
104.97085431577626      0.873977939072421
105.48461881432617      0.8736534431367707
106.00089785809608      0.8730096793570762
106.51970375416013      0.8727387377667494
107.04104886982732      0.8721162854460506
107.56494563293661      0.8718217644672577
108.09140653215356      0.8713118178004987
108.62044411726721      0.8707405686699915
109.15207099949018      0.8703328653595223
109.68629985175833      0.869646540289795
110.22314340903388      0.8694540936572129
110.76261446860805      0.8687775815218673
111.30472589040656      0.8683871256415996
111.84949059729651      0.8679024727766035
112.39692157539358      0.8673994119745585
112.94703187437261      0.8670561109862343
113.4998346077778      0.866286616385245
114.05534295333564      0.8660645460286981
114.61357015326949      0.8654944801163672
115.1745295146143      0.8651151629715053
115.73823440953488      0.8645461579666766
116.30469827564377      0.8638923537394685
116.87393461632193      0.863535986476325
117.44595700104101      0.8628378697369571
118.020779065686      0.8625271866333585
118.59841451288116      0.8618834080125104
119.17887711231582      0.8614090534327652
119.76218070107349      0.8609745359348784
120.3483391839609      0.8603507175227334
120.93736653383985      0.8599762928096424
121.52927679196058      0.8592581460961919
122.12408406829574      0.8589507007269577
122.72180254187766      0.8584284150555898
123.32244646113548      0.857854004886496
123.9260301442352      0.8573350349845621
124.53256797942139      0.8565989125637318
125.14207442535921      0.8562901162588558
125.75456401148024      0.8555745004581659
126.3700513383278      0.8551257466467722
126.98855107790544      0.8545303777175306
127.61007797402706      0.8539718380210548
128.23464684266753      0.8535804785142251
128.8622725723168      0.8527594260530644
129.49297012433394      0.8524308501989236
130.12675453330456      0.8517605126767834
130.76364090739864      0.8513671784281641
131.40364442873076      0.8507954298174092
132.04678035372257      0.8501192380194204
132.69306401346554      0.8496453451029072
133.34251081408746      0.8488381841562064
133.99513623711871      0.8485276238444892
134.6509558398618      0.847773224861687
135.3099852557626      0.8472378925359606
135.97224019478202      0.846687437112111
136.6377364437716      0.8460433239361315
137.30648986684895      0.8455774862814045
137.97851640577628      0.8447493378501916
138.6538320803408      0.8443846382545837
139.33245298873575      0.8437588555376218
140.0143953079451      0.8432185425471764
140.69967529412833      0.8426321707859258
141.38830928300825      0.8418763771938241
142.08031369026102      0.8414435725996464
142.77570501190627      0.840679965643855
143.47449982470152      0.8401632201712659
144.17671478653637      0.8394509761442226
144.88236663683045      0.838827681951489
145.5914721969317      0.8383180812220781
146.30404837051765      0.8374987093072347
147.0201121439989      0.8370441927601726
147.73968058692282      0.8362581452477229
148.4627708523819      0.8358034619017245
149.18940017742153      0.8351901654682047
149.9195858834512      0.8344739884055078
150.6533453766579      0.8339245391076002
151.39069614842026      0.833087546748324
152.1316557757263      0.832691575788204
152.8762419215917      0.8318518456021947
153.62447233548122      0.8312446802319398
154.37636485373207      0.8305705953602821
155.13193739997837      0.8298581456891748
155.89120798557937      0.829329325668195
156.65419471004768      0.828385118832677
157.42091576148198      0.8279419071717006
158.1913894169994      0.827193763752176
158.9656340431719      0.8266477262279641
159.74366809646418      0.8259552235615993
160.525510123673      0.8251512064018804
161.3111787623702      0.8246341654910934
162.10069274134605      0.8237953311117033
162.8940708810562      0.8232675356327401
163.69133209407065      0.8224310081413482
164.49249538552365      0.821731987325743
165.2975798535679      0.8210914260543485
166.10660468982874      0.8202656098247642
166.91958917986216      0.8196767986296278
167.73655270361488      0.8187679135673421
168.55751473588532      0.8182303153659142
169.38249484678917      0.8175153569414623
170.21151270222447      0.8167665587254911
171.0445880643418      0.8161008782735769
171.8817407920142      0.8152084112417395
172.72299084131103      0.8147186247742414
173.56835826597427      0.8138608191471169
174.41786321789527      0.8131807796343669
175.27152594759664      0.8123749250563289
176.1293668047136      0.811582699185617
176.99140623847973      0.8109704764049417
177.85766479821493      0.8099397970795248
178.72816313381398      0.8093772124304954
179.60292199624033      0.8084987677117108
180.48196223801943      0.807865171072948
181.36530481373632      0.8071012388763136
182.2529707805358      0.806222487777541
183.14498129862304      0.80558278068957
184.04135763176944      0.8046330105748732
184.9421211478181      0.8041147928651358
185.8472933191947      0.803188894029681
186.75689572341793      0.8024183515789869
187.67095004361448      0.8016381212927116
188.5894780690366      0.800752045305407
189.51250169558003      0.8000595559292543
190.4400429263075      0.7990198625333337
191.372123871972      0.79838560885661
192.3087667515443      0.7975318410125211
193.24999389274336      0.7967551339633145
194.195827732567      0.795946879751814
195.1462908178285      0.7949727463798414
196.1014058056926      0.7943529616585684
197.06119546421624      0.7934280463533874
198.0256826728919      0.7926996785333215
198.9948904231915      0.7917947306411909
199.96884181911625      0.7909316991982731
200.94756007774572      0.7901705386574728
201.93106852979284      0.789116791777664
202.91939062015868      0.7884010634703931
203.91254990849202      0.7873834618965031
204.91057006975143      0.7866481711363899
205.91347489476837      0.785800144132588
206.9212882908158      0.7848285403982919
207.9340342821767      0.784037323049738
208.95173701071747      0.7829670913026614
209.9744207364639      0.7823608934310234
211.00210983817814      0.7813579534910652
212.03482881394143      0.7805170551282077
213.07260228173666      0.7796266821011011
214.11545498003585      0.7786691497307641
215.16341176839052      0.7778808279428638
216.21649762802267      0.7767013632273093
217.27473766242224      0.7759555791194055
218.33815709794382      0.7749539836940061
219.40678128440862      0.7741156681840157
220.48063569570968      0.7731716565575939
221.55974593041722      0.7721001840321758
222.64413771239091      0.7713188664544365
223.7338368913912      0.7702475820304817
224.8288694436973      0.7694858194461524
225.9292614727248      0.7684532709645575
227.03503920964863      0.7675115117100793
228.14622901402916      0.7666289444104544
229.2628573744388      0.7655656757244189
230.38495090909527      0.764685116398208
231.51253636649463      0.7635185079040664
232.64564062604956      0.7626653900221381
233.78429069873076      0.7616728819254113
234.92851372770923      0.7606391379922243
236.07833698900524      0.7596849631765423
237.23378789213677      0.7585123303077307
238.3948939807738      0.7577333703045881
239.5616829333953      0.756636057160168
240.73418256394777      0.7556940006226573
241.9124208225098      0.7546676912739548
243.0964257959567      0.7536241698183074
244.28622570863175      0.7527421219454646
245.48184892301748      0.7514751611797839
246.68332394041246      0.7505933425954773
247.89067940161144      0.7494324423070617
249.10394408758626      0.7484699506808021
250.32314692017414      0.747419200864706
251.5483169627652      0.7462342825706376
252.77948342099606      0.745278602849735
254.01667564344686      0.7440501659053772
255.25992312233902      0.7432134777902438
256.50925549424034      0.7420189206768498
257.76470254076975      0.7409671741079401
259.0262941893079      0.7399392727239383
260.2940605137115      0.7387925530384875
261.5680317350281      0.7378181202979492
262.8482382222191      0.7365256451553502
264.13471049288097      0.7355408368482597
265.42747921397546      0.7343778638801927
266.7265752025583      0.7332741457557787
268.0320294265148      0.7321441824706519
269.34387300529886      0.7308525470807911
270.662137210673      0.7298868615174567
271.9868534674558      0.7286563175162475
273.3180533542693      0.7276008286664872
274.65576860429235      0.726400945974741
276.0000311060182      0.7252374057543624
277.3508729040125      0.7241993086204629
278.7083261996793      0.7228945537935793
280.07242335202704      0.7218561358955067
281.44319687844063      0.7205564432667481
282.8206794554573      0.7194596349267645
284.2049039195437      0.7182846477905293
285.595903267881      0.7169682751885259
286.9937106591489      0.715824146668348
288.3983594143188      0.7144266476711058
289.8098830174457      0.7134392105975932
291.2283151164675      0.7121204530703695
292.6536895240078      0.7109247388533781
294.08604021818      0.7097106329006048
295.52540134339966      0.7084335083002067
296.9718072111962      0.7073505417935124
298.42529230103185      0.7059154922028489
299.8858912611244      0.704803452944827
301.3536389092711      0.7034876156128297
302.8285702336811      0.7022760836045127
304.3107203938072      0.7009820780012629
305.8001247211849      0.6995524618674538
307.2968187202759      0.6983843788424635
308.80083806931196      0.6969722914167594
310.31221862114796      0.6958117408759498
311.83099640411405      0.6944243123456174
313.3572076228771      0.6931094806359338
314.8908886593015      0.6918713617121542
316.43207607331715      0.6904789116466105
317.9808066037925      0.6892690218252909
319.5371171694073      0.6878158451882821
321.1010448695361      0.6865822385874327
322.6726269851296      0.6852404280384595
324.25190097960495      0.6838405697061022
325.8389044997393      0.6824921230974886
327.43367537656513      0.6809477130331396
329.0362516262748      0.6797449345986135
330.6466714511243      0.6782877344949166
332.26497324034506      0.6769256973474783
333.8911955710598      0.6755099092735908
335.5253772092003      0.674073913910892
337.1675571104336      0.6728010236598385
338.81777442108864      0.6712085851397223
340.4760684790903      0.6699477589115448
342.1424788148983      0.6684663141739957
343.817045152447      0.6671091321610134
345.49980741009506      0.6656876053452955
347.1908057015744      0.6641180761127822
348.89008033694904      0.6627301053312226
350.5976718235739      0.6611216438870604
352.3136208670609      0.659820174270086
354.0379683722508      0.6582349856464292
355.77075544418597      0.6567451783640176
357.5120233890924      0.6552898635424129
359.26181371536256      0.6537309329924619
361.02016813454566      0.6523473593748864
362.78712856234296      0.6506941189129917
364.5627371196046      0.6492986305412676
366.34703613333653      0.6477777473057188
368.1400681377069      0.6462333416130166
369.94187587506127      0.6445977086276924
371.7525022969423      0.6428308731591479
373.5719905651112      0.6413908094137651
375.40038405257974      0.6397424226068443
377.23772634464103      0.6382186198156446
379.0840612399114      0.6365836264018615
380.9394327513722      0.6349639149947812
382.8038851074196      0.6334566208734369
384.6774627529205      0.6317347298088217
386.5602103502692      0.630240952574602
388.452172780455      0.6285434062794283
390.35339514412954      0.6270099620398839
392.26392276268297      0.6254371627361082
394.18380117932554      0.6237225246722756
396.1130761601705      0.6221196858525149
398.05179369532834      0.6203219249688829
400.0000000000001      0.618802886478308