1.e7	0.
1.0115794542598983e7	0.
1.0232929922807537e7	0.
1.035142166679343e7	0.
1.0471285480508985e7	0.
1.0592537251772897e7	0.
1.0715193052376071e7	0.
1.0839269140212039e7	0.
1.0964781961431852e7	0.
1.109174815262401e7	0.
1.122018454301963e7	0.
1.1350108156723144e7	0.
1.1481536214968817e7	0.
1.1614486138403438e7	0.
1.1748975549395302e7	0.
1.188502227437019e7	0.
1.202264434617413e7	0.
1.2161860006463679e7	0.
1.230268770812381e7	0.
1.2445146117713844e7	0.
1.2589254117941663e7	0.
1.2735030810166629e7	0.
1.288249551693135e7	0.
1.3031667784523001e7	0.
1.3182567385564074e7	0.
1.333521432163324e7	0.
1.3489628825916532e7	0.
1.3645831365889238e7	0.
1.3803842646028839e7	0.
1.3963683610559363e7	0.
1.4125375446227554e7	0.
1.4288939585111037e7	0.
1.445439770745928e7	0.
1.4621771744567184e7	0.
1.4791083881682072e7	0.
1.4962356560944328e7	0.
1.5135612484362071e7	0.
1.5310874616820287e7	0.
1.5488166189124828e7	0.
1.5667510701081501e7	0.
1.5848931924611142e7	0.
1.6032453906900417e7	0.
1.62181009735893e7	0.
1.6405897731995387e7	0.
1.6595869074375596e7	0.
1.678804018122559e7	0.
1.698243652461746e7	0.
1.7179083871575896e7	0.
1.737800828749376e7	0.
1.757923613958693e7	0.
1.7782794100389227e7	0.
1.7988709151287872e7	0.
1.8197008586099826e7	0.
1.8407720014689546e7	0.
1.8620871366628658e7	0.
1.883649089489802e7	0.
1.905460717963248e7	0.
1.9275249131909367e7	0.
1.9498445997580454e7	0.
1.9724227361148532e7	0.
1.9952623149688788e7	0.
2.0183663636815596e7	0.
2.0417379446695276e7	0.
2.0653801558105312e7	0.
2.0892961308540408e7	0.
2.1134890398366477e7	0.
2.1379620895022325e7	0.
2.1627185237270202e7	1.5110574218740747e-307
2.187761623949552e7	4.485254902150962e-304
2.2130947096056364e7	1.2115855077470023e-300
2.2387211385683376e7	2.9901143329643444e-297
2.2646443075930618e7	6.749004226277729e-294
2.290867652767775e7	1.3946195690625192e-290
2.3173946499684796e7	2.6410514839977934e-287
2.3442288153199226e7	4.588164087382077e-284
2.3713737056616552e7	7.319357013831885e-281
2.3988329190194897e7	1.0732598828578188e-277
2.426610095082414e7	1.447958299871769e-274
2.4547089156850286e7	1.7990483514198466e-271
2.483133105295568e7	2.0605204629252965e-268
2.5118864315095823e7	2.177536034610466e-265
2.5409727055493064e7	2.125252151369001e-262
2.5703957827688646e7	1.9173882479315277e-259
2.600159563165272e7	1.6005063168141124e-256
2.6302679918953814e7	1.2372037373160884e-253
2.6607250597988084e7	8.864329242862448e-251
2.6915348039269138e7	5.8918447011210374e-248
2.7227013080779098e7	3.636076805588984e-245
2.754228703338169e7	2.085270684306844e-242
2.7861211686297722e7	1.112260444269762e-239
2.818382931264455e7	5.522402237264469e-237
2.8510182675039098e7	2.554381309022642e-234
2.8840315031266056e7	1.101625813593738e-231
2.917427014001166e7	4.433264303483976e-229
2.9512092266663842e7	1.6660986477858111e-226
2.9853826189179573e7	5.852046912433726e-224
3.019951720402019e7	1.9225753311732728e-221
3.0549211132155154e7	5.912375149084842e-219
3.090295432513592e7	1.7032341432951522e-216
3.126079367123956e7	4.599889049416419e-214
3.162277660168379e7	1.1654779969681026e-211
3.198895109691397e7	2.7724509106591873e-209
3.235936569296281e7	6.196441483480517e-207
3.2734069487883795e7	1.3021215070939714e-204
3.3113112148259077e7	2.574540256130893e-202
3.3496543915782794e7	4.792825668022709e-200
3.388441561392027e7	8.406758177686334e-198
3.427677865464505e7	1.3902988084784082e-195
3.4673685045253165e7	2.1693251095112186e-193
3.5075187395256795e7	3.1957207555235977e-191
3.548133892335753e7	4.447624215914496e-189
3.58921934645005e7	5.851759505880889e-187
3.6307805477010176e7	7.28324116393176e-185
3.67282300498085e7	8.580649964590036e-183
3.715352290971728e7	9.575184394305072e-181
3.758374042884443e7	1.0126900778468664e-178
3.8018939632056125e7	1.0157251945235808e-176
3.845917820453535e7	9.66742554600271e-175
3.890451449942805e7	8.736590303324475e-173
3.935500754557773e7	7.501155171514942e-171
3.981071705534969e7	6.122444705154074e-169
4.027170343254595e7	4.753184207207225e-167
4.07380277804113e7	3.5120203882565876e-165
4.120975190973304e7	2.471090553327377e-163
4.168693834703355e7	1.6566215253223515e-161
4.2169650342858225e7	1.0587705661086886e-159
4.265795188015926e7	6.454497528242787e-158
4.31519076827765e7	3.75526302967843e-156
4.365158322401656e7	2.0862589281233728e-154
4.415704473533121e7	1.107326899028836e-152
4.466835921509635e7	5.618113158041548e-151
4.518559443749226e7	2.726067840291559e-149
4.570881896148752e7	1.265716160932156e-147
4.623810213992603e7	5.62611814355962e-146
4.6773514128719814e7	2.3953614159642062e-144
4.7315125896148026e7	9.773210247051196e-143
4.78630092322638e7	3.8231316436336423e-141
4.841723675840999e7	1.434585579861829e-139
4.897788193684466e7	5.1661358991338026e-138
4.9545019080479056e7	1.7862486693301437e-136
5.011872336272725e7	5.932762276936684e-135
5.0699070827470444e7	1.8936983102771197e-133
5.128613839913648e7	5.811671147637314e-132
5.188000389289609e7	1.7156273987130994e-130
5.248074602497723e7	4.873822154019632e-129
5.3088444423098795e7	1.3330056486099088e-127
5.370317963702533e7	3.511547639817331e-126
5.432503314924336e7	8.913656526518557e-125
5.495408738576248e7	2.181164083974436e-123
5.559042572704037e7	5.14728409080252e-122
5.623413251903491e7	1.1719402211573991e-120
5.688529308438413e7	2.575422009780607e-119
5.754399373371567e7	5.46491028159849e-118
5.82103217770871e7	1.1201686601175886e-116
5.888436553555884e7	2.218817684503635e-115
5.956621435290109e7	4.248814275853968e-114
6.025595860743581e7	7.868464220631584e-113
6.0953689724016935e7	1.4097904094526004e-111
6.165950018614822e7	2.4447015001913807e-110
6.237348354824191e7	4.1045573019572607e-109
6.3095734448019296e7	6.674775155355372e-108
6.3826348619054824e7	1.0517090240245161e-106
6.456542290346563e7	1.6062021475837962e-105
6.531305526474729e7	2.3785137154328236e-104
6.606934480075964e7	3.416374100948994e-103
6.6834391756861486e7	4.761361822435724e-102
6.760829753919819e7	6.44099449007523e-101
6.839116472814293e7	8.460166588336459e-100
6.918309709189363e7	1.079333672068189e-98
6.998419960022731e7	1.3379142261288183e-97
7.079457843841374e7	1.6119063710673134e-96
7.161434102129027e7	1.8881303574855367e-95
7.244359600749905e7	2.1510216199372958e-94
7.328245331389044e7	2.384056988359866e-93
7.413102413009177e7	2.5714873180960426e-92
7.498942093324558e7	2.700121571950192e-91
7.585775750291836e7	2.760877671147322e-90
7.673614893618186e7	2.749844492125186e-89
7.762471166286911e7	2.668682633747702e-88
7.85235634610071e7	2.5243104006586144e-87
7.943282347242822e7	2.3279483831415765e-86
8.035261221856177e7	2.0937024885861078e-85
8.128305161640996e7	1.8369293357654543e-84
8.222426499470712e7	1.5726395193743583e-83
8.317637711026709e7	1.314156712731047e-82
8.413951416451947e7	1.0721781530177822e-81
8.511380382023759e7	8.542948251351706e-81
8.609937521846016e7	6.649476556826019e-80
8.709635899560814e7	5.057343909691062e-79
8.810488730080147e7	3.7594819681337715e-78
8.91250938133746e7	2.732233661065075e-77
9.015711376059571e7	1.941799996064017e-76
9.120108393559097e7	1.349892552176955e-75
9.225714271547629e7	9.181463112259196e-75
9.332543007969905e7	6.111548293913548e-74
9.440608762859227e7	3.982214841017798e-73
9.549925860214369e7	2.5406122888302373e-72
9.66050878989814e7	1.5874400465308248e-71
9.772372209558111e7	9.71639696385964e-71
9.88553094656939e7	5.827264079035039e-70
1.e8	3.425129937888951e-69
1.0115794542599003e8	1.9735244175997896e-68
1.0232929922807537e8	1.1149620815703264e-67
1.0351421666793452e8	6.17771302004346e-67
1.0471285480508985e8	3.357702119477172e-66
1.0592537251772897e8	1.7906019357966172e-65
1.0715193052376048e8	9.371150756824312e-65
1.0839269140212038e8	4.814123600253948e-64
1.0964781961431828e8	2.4280875987879782e-63
1.109174815262401e8	1.2026120885656433e-62
1.1220184543019652e8	5.850474886666901e-62
1.1350108156723143e8	2.7960839741675612e-61
1.1481536214968841e8	1.3130794405950172e-60
1.1614486138403414e8	6.060390883158845e-60
1.1748975549395303e8	2.749572966629501e-59
1.1885022274370165e8	1.2265068505882708e-58
1.2022644346174131e8	5.380206881549952e-58
1.2161860006463704e8	2.321322172357739e-57
1.230268770812381e8	9.852842170973539e-57
1.2445146117713869e8	4.11489311903603e-56
1.2589254117941661e8	1.6912462374328744e-55
1.2735030810166629e8	6.84204259388498e-55
1.2882495516931322e8	2.725045926513589e-54
1.3031667784523e8	1.0686821861761723e-53
1.31825673855641e8	4.1274961628046267e-53
1.333521432163324e8	1.5702324057107774e-52
1.348962882591656e8	5.885119059861252e-52
1.364583136588924e8	2.173375039611391e-51
1.3803842646028867e8	7.909980086872237e-51
1.3963683610559362e8	2.8375906382111086e-50
1.4125375446227553e8	1.0035274144551786e-49
1.4288939585111007e8	3.4993273306530176e-49
1.445439770745928e8	1.2033323523687675e-48
1.4621771744567153e8	4.081326845435741e-48
1.479108388168207e8	1.3655266542952674e-47
1.4962356560944358e8	4.507642746213259e-47
1.5135612484362072e8	1.4683040495211668e-46
1.5310874616820318e8	4.720256908933224e-46
1.5488166189124796e8	1.4978336400340828e-45
1.5667510701081502e8	4.692175507955469e-45
1.584893192461111e8	1.4620712764471359e-44
1.6032453906900418e8	4.4655663763445173e-44
1.621810097358933e8	1.3470574496745356e-43
1.640589773199539e8	4.131819924492746e-43
1.659586907437563e8	1.2155186110434566e-42
1.678804018122559e8	3.533418270622005e-42
1.698243652461746e8	1.0177923100885255e-41
1.717908387157586e8	2.890073258918619e-41
1.7378008287493762e8	8.112708062732753e-41
1.7579236139586967e8	2.251576953033137e-40
1.7782794100389227e8	6.175637492369888e-40
1.798870915128791e8	1.6770634466194968e-39
1.8197008586099824e8	4.499181461695683e-39
1.8407720014689583e8	1.19400142898305e-38
1.8620871366628656e8	3.1348531247620706e-38
1.883649089489802e8	8.143729050903702e-38
1.9054607179632443e8	2.092305080099133e-37
1.9275249131909367e8	5.330855760134456e-37
1.9498445997580415e8	1.3416160815311981e-36
1.9724227361148533e8	3.3424305262574734e-36
1.9952623149688828e8	8.244215037876087e-36
2.0183663636815596e8	2.0152391405235676e-35
2.0417379446695316e8	4.870847884336845e-35
2.065380155810527e8	1.165962857034971e-34
2.089296130854041e8	2.764484571081441e-34
2.1134890398366433e8	6.4929215358462515e-34
2.1379620895022324e8	1.5131692890677153e-33
2.1627185237270245e8	3.4883732608944085e-33
2.187761623949552e8	7.964362471318863e-33
2.213094709605641e8	1.802028666395955e-32
2.238721138568338e8	4.0438738792935605e-32
2.264644307593062e8	8.988762354840859e-32
2.29086765276777e8	1.9806897580104262e-31
2.3173946499684796e8	4.326872984833832e-31
2.3442288153199276e8	9.378213457594265e-31
2.3713737056616554e8	2.0131590790010112e-30
2.3988329190194947e8	4.285699867827968e-30
2.4266100950824144e8	9.048820750569688e-30
2.4547089156850335e8	1.8960720380348386e-29
2.4831331052955678e8	3.9388727618037536e-29
2.511886431509582e8	8.113568842883066e-29
2.5409727055493012e8	1.6582118673522263e-28
2.5703957827688646e8	3.36575456684033e-28
2.6001595631652668e8	6.773203399547634e-28
2.6302679918953815e8	1.3527209870010786e-27
2.660725059798814e8	2.682266429944586e-27
2.691534803926914e8	5.274556703154511e-27
2.7227013080779153e8	1.029640465766874e-26
2.7542287033381635e8	1.9967619310941165e-26
2.786121168629772e8	3.842010010159822e-26
2.8183829312644494e8	7.340280015009321e-26
2.8510182675039095e8	1.392874540430827e-25
2.884031503126612e8	2.6228393893270902e-25
2.9174270140011656e8	4.90761131877544e-25
2.9512092266663903e8	9.116206224411251e-25
2.985382618917957e8	1.682100864810212e-24
3.019951720402019e8	3.083927222821414e-24
3.054921113215509e8	5.615455459317572e-24
3.090295432513592e8	1.0157976427573866e-23
3.126079367123962e8	1.8251796681181708e-23
3.1622776601683795e8	3.259265368233996e-23
3.1988951096914035e8	5.783088986110676e-23
3.235936569296281e8	1.0200295020793669e-22
3.273406948788386e8	1.787595281021035e-22
3.311311214825908e8	3.1128193239142713e-22
3.349654391578279e8	5.388489875365177e-22
3.3884415613920206e8	9.272161195709033e-22
3.427677865464505e8	1.586133975543765e-21
3.46736850452531e8	2.6979392431384814e-21
3.5075187395256793e8	4.562131220190627e-21
3.5481338923357606e8	7.667788435586969e-21
3.58921934645005e8	1.281589896050916e-20
3.630780547701018e8	2.1302742662194254e-20
3.6728230049808425e8	3.521730725644532e-20
3.715352290971728e8	5.790780662838461e-20
3.7583740428844357e8	9.469991938994166e-20
3.8018939632056123e8	1.539950784465536e-19
3.845917820453543e8	2.491178783061348e-19
3.8904514499428046e8	4.009302268963724e-19
3.9355007545577806e8	6.419827423429679e-19
3.981071705534969e8	1.022805526035777e-18
4.027170343254595e8	1.6212316515905019e-18
4.073802778041122e8	2.556238377151469e-18
4.120975190973304e8	4.010959564025339e-18
4.168693834703364e8	6.263387518120447e-18
4.2169650342858225e8	9.734361905731154e-18
4.265795188015934e8	1.5057950828465366e-17
4.31519076827765e8	2.3182002853671284e-17
4.3651583224016654e8	3.551306414017673e-17
4.415704473533121e8	5.4157523421553717e-17
4.466835921509635e8	8.22201633675323e-17
4.518559443749217e8	1.2427250628465805e-16
4.570881896148752e8	1.870114904513102e-16
4.623810213992594e8	2.80175041027516e-16
4.677351412871981e8	4.178092383036422e-16
4.731512589614813e8	6.204266441400303e-16
4.7863009232263803e8	9.174603599163163e-16
4.841723675840999e8	1.3511049389371084e-15
4.8977881936844563e8	1.981599997564207e-15
4.9545019080479056e8	2.8943652843423675e-15
5.011872336272715e8	4.20919610415918e-15
5.0699070827470446e8	6.097240647462158e-15
5.1286138399136585e8	8.799484147653206e-15
5.188000389289609e8	1.2648198374460333e-14
5.248074602497734e8	1.8111191824985015e-14
5.308844442309879e8	2.5835988202936014e-14
5.370317963702532e8	3.670401116698269e-14
5.432503314924325e8	5.195291799616731e-14
5.495408738576248e8	7.32710921278962e-14
5.559042572704048e8	1.0296742704790195e-13
5.623413251903491e8	1.4418812719325038e-13
5.688529308438425e8	2.012052808932837e-13
5.754399373371567e8	2.797188381261682e-13
5.821032177708721e8	3.875097024086317e-13
5.888436553555884e8	5.350353288175595e-13
5.956621435290109e8	7.362694650724361e-13
6.025595860743569e8	1.0098643426995553e-12
6.095368972401694e8	1.3806319504975288e-12
6.16595001861481e8	1.881311008432158e-12
6.237348354824191e8	2.5547925624086807e-12
6.309573444801943e8	3.458549765091318e-12
6.382634861905483e8	4.667579555869948e-12
6.456542290346563e8	6.2800708133012415e-12
6.531305526474717e8	8.422418882252e-12
6.606934480075965e8	1.1264344489639851e-11
6.683439175686135e8	1.5022473451035557e-11
6.760829753919818e8	1.996842821000646e-11
6.839116472814307e8	2.64669022673021e-11
6.918309709189363e8	3.498114120594759e-11
6.998419960022745e8	4.610521419657696e-11
7.079457843841373e8	6.059911742693961e-11
7.161434102129027e8	7.943217034572923e-11
7.244359600749891e8	1.038374953812281e-10
7.328245331389045e8	1.3535307503223913e-10
7.413102413009192e8	1.7596365451238127e-10
7.498942093324559e8	2.2816614736569032e-10
7.585775750291852e8	2.950968819861476e-10
7.673614893618186e8	3.806940374423617e-10
7.762471166286927e8	4.898892528601322e-10
7.852356346100711e8	6.288429918925436e-10
7.943282347242821e8	8.052317505314544e-10
8.03526122185616e8	1.0285974728176642e-9
8.128305161640995e8	1.3105492321020155e-9
8.222426499470695e8	1.6658431785062719e-9
8.317637711026709e8	2.112509020869809e-9
8.413951416451964e8	2.672742989809517e-9
8.511380382023759e8	3.373807954296531e-9
8.609937521846017e8	4.2491107122948076e-9
8.709635899560796e8	5.339494279882771e-9
8.810488730080147e8	6.69477834945893e-9
8.912509381337441e8	8.375592960136721e-9
9.01571137605957e8	1.0455563195025102e-8
9.120108393559115e8	1.3023886911567469e-8
9.225714271547629e8	1.6188394294959794e-8
9.332543007969924e8	2.007767403513876e-8
9.440608762859226e8	2.4848787532609994e-8
9.549925860214369e8	3.068984577962679e-8
9.660508789898121e8	3.7826001478583926e-8
9.772372209558111e8	4.6526190581314235e-8
9.88553094656941e8	5.711177533558299e-8
1.e9	6.996507573078519e-8
1.0115794542598962e9	8.554043836938372e-8
1.0232929922807536e9	1.0437657693374848e-7
1.0351421666793451e9	1.2711088176753326e-7
1.0471285480508986e9	1.544959785793813e-7
1.0592537251772897e9	1.8741869061441597e-7
1.0715193052376093e9	2.2692183531460308e-7
1.083926914021204e9	2.7422918177815147e-7
1.0964781961431828e9	3.3077394255521606e-7
1.1091748152624009e9	3.9823128105624566e-7
1.1220184543019652e9	4.785552315194818e-7
1.1350108156723144e9	5.740205546888503e-7
1.148153621496884e9	6.872704040733238e-7
1.1614486138403413e9	8.213698623822419e-7
1.1748975549395304e9	9.798665394731484e-7
1.1885022274370165e9	1.1668587147659799e-6
1.202264434617413e9	1.387071919444602e-6
1.2161860006463704e9	1.6459448902524374e-6
1.230268770812381e9	1.94972566322628e-6
1.2445146117713869e9	2.305579074807014e-6
1.258925411794166e9	2.721706639847293e-6
1.2735030810166628e9	3.207480132456591e-6
1.2882495516931322e9	3.7735900243660783e-6
1.3031667784523e9	4.432210471099211e-6
1.31825673855641e9	5.197182157857543e-6
1.333521432163324e9	6.084214907208821e-6
1.3489628825916505e9	7.111111688238226e-6
1.364583136588924e9	8.298016153598015e-6
1.3803842646028867e9	9.667686288046743e-6
1.3963683610559363e9	0.000011245795224416104
1.4125375446227555e9	0.000013061261466837638
1.4288939585111065e9	0.000015146626809837355
1.445439770745928e9	0.00001753843411033638
1.4621771744567153e9	0.00002027769549576735
1.4791083881682072e9	0.000023410366417564003
1.496235656094436e9	0.000026987883930865546
1.513561248436207e9	0.00003106775612778423
1.5310874616820319e9	0.000035714208458865936
1.5488166189124796e9	0.00004099889665389927
1.5667510701081502e9	0.00004700168797665846
1.5848931924611108e9	0.000053811523156659504
1.6032453906900418e9	0.00006152736258124354
1.6218100973589332e9	0.0000702589632409774
1.6405897731995387e9	0.00008012715186026277
1.6595869074375632e9	0.00009126887525961592
1.6788040181225588e9	0.00010383465071022027
1.698243652461746e9	0.00011799139665432248
1.7179083871575859e9	0.00013392412243410154
1.7378008287493763e9	0.00015183780361717944
1.7579236139586966e9	0.00017195941683377435
1.7782794100389228e9	0.00019454035836951003
1.7988709151287837e9	0.0002198586918260798
1.8197008586099825e9	0.00024822220784716096
1.8407720014689581e9	0.00027997144798390654
1.8620871366628656e9	0.00031548282135689684
1.8836490894898021e9	0.00035517275583844853
1.905460717963252e9	0.0003995019135793499
1.9275249131909366e9	0.0004489793329648316
1.9498445997580414e9	0.000504167846223381
1.9724227361148534e9	0.0005656898508849812
1.9952623149688828e9	0.0006342332805351735
2.0183663636815596e9	0.0007105584315981658
2.0417379446695316e9	0.0007955059438918686
2.065380155810527e9	0.0008900049465842579
2.0892961308540409e9	0.000995082480443438
2.1134890398366432e9	0.00111187358700675
2.1379620895022326e9	0.0012416328023727304
2.1627185237270246e9	0.0013857465599398315
2.187761623949552e9	0.0015457469133902235
2.213094709605641e9	0.0017233267345779172
2.238721138568338e9	0.0019203563212173247
2.264644307593062e9	0.0021389017489191913
2.29086765276777e9	0.002381244963050745
2.3173946499684796e9	0.002649867067726673
2.3442288153199277e9	0.002947666747411862
2.3713737056616554e9	0.003277599803389295
2.398832919019485e9	0.003643092932330971
2.426610095082414e9	0.00404788589030031
2.454708915685034e9	0.0044961043901769054
2.483133105295568e9	0.0049922910434726095
2.511886431509582e9	0.005541470105228571
2.5409727055493116e9	0.006149154384495108
2.5703957827688646e9	0.00682143194020535
2.600159563165267e9	0.007565003723567043
2.6302679918953815e9	0.00838723779698082
2.660725059798814e9	0.009296257338753411
2.6915348039269137e9	0.010300698777586296
2.7227013080779157e9	0.011410517319108035
2.7542287033381634e9	0.012636505026516793
2.786121168629772e9	0.01399046197590916
2.818382931264449e9	0.015485383560904988
2.8510182675039096e9	0.017135461914232646
2.8840315031266117e9	0.01895630373127973
2.917427014001166e9	0.020965007586539082
2.95120922666639e9	0.023180294082581706
2.9853826189179573e9	0.025622675821998665
3.019951720402019e9	0.02831459659360691
3.0549211132155094e9	0.03128060331364745
3.0902954325135922e9	0.03454755142364811
3.126079367123962e9	0.038144777976504354
3.1622776601683793e9	0.04210431727773585
3.1988951096913905e9	0.04646117232227189
3.235936569296281e9	0.05125356320843532
3.2734069487883863e9	0.05652308293787475
3.3113112148259077e9	0.062312210923915486
3.3496543915782795e9	0.06867094853312221
3.3884415613920345e9	0.07565434439416134
3.4276778654645047e9	0.08332089286939345
3.4673685045253096e9	0.09173420279671177
3.5075187395256796e9	0.10096347263357862
3.5481338923357606e9	0.11108393593258872
3.58921934645005e9	0.12217734031016039
3.6307805477010174e9	0.13433245780767641
3.6728230049808426e9	0.1476456589642262
3.715352290971728e9	0.16222170192427415
3.7583740428844357e9	0.17817393863560915
3.8018939632056127e9	0.19561909928371213
3.845917820453543e9	0.21468082756866586
3.890451449942805e9	0.23551500958531013
3.9355007545577803e9	0.25827778278403296
3.9810717055349693e9	0.28313714576173526
4.027170343254595e9	0.3102764786573238
4.073802778041122e9	0.3398930353130541
4.1209751909733043e9	0.37220047263484074
4.1686938347033634e9	0.4074297877274279
4.2169650342858224e9	0.4458305853604734
4.265795188015917e9	0.4876678751710562
4.31519076827765e9	0.5331764310775614
4.365158322401666e9	0.5827186286138084
4.415704473533121e9	0.6366322700359773
4.466835921509635e9	0.6952813395500375
4.518559443749235e9	0.7590585303748606
4.570881896148752e9	0.8283879835582683
4.623810213992594e9	0.9037255811884415
4.677351412871982e9	0.9855636799188922
4.731512589614813e9	1.074432055216269
4.78630092322638e9	1.1707466629415455
4.841723675840999e9	1.2752420566832636
4.897788193684457e9	1.3885819676278393
4.954501908047905e9	1.5114733927716524
5.011872336272715e9	1.644678148137857
5.069907082747045e9	1.789015692866587
5.128613839913659e9	1.9453663261954552
5.18800038928961e9	2.1146775601672183
5.248074602497734e9	2.29777298071537
5.308844442309879e9	2.495748307885589
5.370317963702533e9	2.709904544228096
5.432503314924325e9	2.941496409544749
5.495408738576248e9	3.1918712473042268
5.559042572704048e9	3.462473716318125
5.623413251903491e9	3.7548585475621437
5.688529308438401e9	4.070689759222574
5.754399373371567e9	4.411287523818322
5.821032177708722e9	4.7787210163318585
5.888436553555884e9	5.175236639358349
5.95662143529011e9	5.603024771078412
6.025595860743593e9	6.064435431096198
6.095368972401693e9	6.561985973151965
6.16595001861481e9	7.0983752928645565
6.237348354824191e9	7.676304127217206
6.309573444801943e9	8.297901243451795
6.382634861905482e9	8.967432460237672
6.456542290346562e9	9.688428734152877
6.531305526474716e9	10.464672570686426
6.606934480075964e9	11.300215048672676
6.683439175686135e9	12.199376788160194
6.760829753919819e9	13.166826351737615
6.839116472814306e9	14.205369217226789
6.918309709189363e9	15.321899783270945
6.998419960022745e9	16.522264379159854
7.079457843841373e9	17.812501719769372
7.161434102129027e9	19.199073452520768
7.244359600749891e9	20.688884717166314
7.328245331389045e9	22.28932587923847
7.413102413009192e9	24.004730494237393
7.498942093324558e9	25.84606118456733
7.585775750291821e9	27.822726819773305
7.673614893618186e9	29.94430353527361
7.762471166286927e9	32.22102741165138
7.85235634610071e9	34.6638400015122
7.943282347242822e9	37.284255596537875
8.035261221856194e9	40.08825874474413
8.128305161640995e9	43.09486756364023
8.2224264994706955e9	46.318226461118996
8.317637711026709e9	49.7734248981821
8.413951416451964e9	53.47659208338253
8.511380382023759e9	57.444944288045285
8.609937521846016e9	61.69354716262698
8.709635899560797e9	66.23692349873423
8.810488730080147e9	71.10311442236234
8.91250938133744e9	76.31386066333158
9.01571137605957e9	81.89297922467281
9.120108393559114e9	87.86579816290575
9.225714271547628e9	94.25920560350743
9.332543007969925e9	101.08953769547085
9.440608762859226e9	108.39290660699011
9.549925860214369e9	116.2064618438767
9.66050878989812e9	124.56485472663535
9.772372209558111e9	133.50508718612343
9.88553094656941e9	143.06646050934074
1.e10	153.28545877072412
1.0115794542598963e10	164.1894340239106
1.0232929922807537e10	175.8454100027795
1.0351421666793451e10	188.30395158533094
1.0471285480508986e10	201.61894357150862
1.0592537251772898e10	215.84783503330527
1.0715193052376093e10	231.05184183458152
1.0839269140212038e10	247.26240352332724
1.096478196143183e10	264.56886102411937
1.1091748152624008e10	283.0531957347892
1.1220184543019653e10	302.79375349859
1.1350108156723143e10	323.87406266709456
1.1481536214968842e10	346.38311537470906
1.1614486138403414e10	370.3876305590856
1.1748975549395304e10	395.97427170343497
1.1885022274370165e10	423.2839060303313
1.2022644346174131e10	452.43017670664864
1.2161860006463703e10	483.53417291625163
1.2302687708123812e10	516.724797898862
1.244514611771387e10	552.1262852210546
1.2589254117941662e10	589.8082317004643
1.273503081016663e10	630.0028768931933
1.2882495516931322e10	672.874793532366
1.3031667784523e10	718.5990593912998
1.31825673855641e10	767.3622255059684
1.333521432163324e10	819.3625907361107
1.3489628825916506e10	874.6776323809521
1.3645831365889238e10	933.6308882839083
1.3803842646028866e10	996.4771186632029
1.3963683610559362e10	1063.4663231263141
1.4125375446227554e10	1134.8704139682288
1.4288939585111067e10	1210.974645280962
1.445439770745928e10	1291.933042513092
1.4621771744567154e10	1378.1250340615147
1.4791083881682072e10	1469.961606618883
1.4962356560944359e10	1567.8054584435474
1.5135612484362072e10	1672.0457607372402
1.5310874616820318e10	1783.094287558505
1.5488166189124796e10	1901.2252322232387
1.5667510701081501e10	2026.8754605808845
1.5848931924611109e10	2160.6922173903777
1.6032453906900417e10	2303.199366460768
1.621810097358933e10	2454.953803007266
1.6405897731995388e10	2616.548524401337
1.6595869074375631e10	2788.4425673994087
1.678804018122559e10	2971.128539824164
1.698243652461746e10	3165.6056191160033
1.717908387157586e10	3372.626172998462
1.7378008287493763e10	3592.9901581767763
1.7579236139586967e10	3827.5451568225362
1.778279410038923e10	4077.0403506534462
1.7988709151287838e10	4342.003909365052
1.8197008586099827e10	4623.959507934333
1.8407720014689583e10	4923.9860732315665
1.8620871366628654e10	5243.2305944006675
1.883649089489802e10	5582.912326704159
1.9054607179632523e10	5944.184692878699
1.9275249131909367e10	6327.623786199331
1.9498445997580414e10	6735.497860686581
1.9724227361148533e10	7169.365519010372
1.9952623149688828e10	7630.863822095201
2.0183663636815598e10	8121.736222406634
2.0417379446695316e10	8643.750891611022
2.065380155810527e10	9197.479580722636
2.089296130854041e10	9786.314769851331
2.1134890398366432e10	10412.465712086092
2.1379620895022324e10	11078.27909538256
2.1627185237270245e10	11786.249759462211
2.1877616239495518e10	12539.025070027226
2.2130947096056408e10	13337.159515405468
2.2387211385683376e10	14185.629487382279
2.264644307593062e10	15087.597675644918
2.29086765276777e10	16046.415564321547
2.3173946499684795e10	17065.643752605112
2.3442288153199276e10	18149.06513084688
2.3713737056616554e10	19297.583403900393
2.398832919019485e10	20518.030471903498
2.4266100950824142e10	21815.06817435052
2.4547089156850334e10	23193.47717984066
2.4831331052955677e10	24658.33446505077
2.511886431509582e10	26215.0329615884
2.540972705549312e10	27864.990632873807
2.570395782768865e10	29617.639792744452
2.6001595631652668e10	31479.79904193459
2.6302679918953815e10	33458.276813119635
2.660725059798814e10	35560.30575045794
2.691534803926914e10	37793.57275207676
2.7227013080779156e10	40160.21020080739
2.7542287033381634e10	42673.3424072946
2.786121168629772e10	45342.854154343295
2.8183829312644493e10	48178.441200842644
2.8510182675039097e10	51190.3941903036
2.8840315031266117e10	54389.64184229846
2.9174270140011658e10	57779.34040558977
2.9512092266663902e10	61377.83564959384
2.9853826189179573e10	65199.39720288702
3.019951720402019e10	69257.80213024125
3.054921113215509e10	73567.68136969689
3.090295432513592e10	78144.567823913
3.126079367123962e10	82993.01046981853
3.1622776601683792e10	88138.83525485473
3.1988951096913906e10	93602.48412968934
3.235936569296281e10	99403.53380909185
3.273406948788386e10	105562.76430781768
3.3113112148259075e10	112102.24249103606
3.3496543915782795e10	119028.39244006439
3.388441561392034e10	126377.75110632999
3.4276778654645046e10	134179.4793115125
3.46736850452531e10	142461.37323063554
3.50751873952568e10	151252.92486802122
3.5481338923357605e10	160585.42939412256
3.5892193464500496e10	170467.82616030652
3.630780547701018e10	180952.034205468
3.6728230049808426e10	192079.4897450817
3.715352290971728e10	203889.59774918642
3.758374042884435e10	216424.17577321877
3.801893963205613e10	229727.60909056873
3.845917820453543e10	243812.11998155245
3.890451449942805e10	258751.76000951312
3.9355007545577805e10	274605.1903939763
3.981071705534969e10	291428.23338576936
4.027170343254595e10	309280.1597526711
4.073802778041122e10	328223.78948572447
4.120975190973304e10	348275.6470669724
4.168693834703364e10	369541.67305364663
4.216965034285822e10	392104.63504084304
4.2657951880159164e10	416043.55304938107
4.3151907682776505e10	441442.28993590985
4.3651583224016655e10	468389.8042271351
4.415704473533121e10	496908.04937791306
4.466835921509635e10	527148.9441919037
4.5185594437492355e10	559228.9169345355
4.570881896148752e10	593259.7457253692
4.623810213992594e10	629360.0699022803
4.677351412871981e10	667655.6260952221
4.7315125896148125e10	708175.0900940562
4.78630092322638e10	751136.8633481974
4.841723675840999e10	796704.1487763035
4.897788193684457e10	845035.0969070527
4.954501908047906e10	896297.1923350546
5.011872336272715e10	950668.2231202902
5.069907082747044e10	1.0081848836996588e6
5.128613839913659e10	1.0691615404294368e6
5.1880003892896095e10	1.133826618082493e6
5.248074602497734e10	1.202403155104863e6
5.308844442309879e10	1.27512793673384e6
5.370317963702533e10	1.3522518804726107e6
5.432503314924325e10	1.4338209060674263e6
5.495408738576248e10	1.520287992438362e6
5.559042572704048e10	1.611971934482812e6
5.6234132519034904e10	1.7091875870125766e6
5.688529308438402e10	1.8122688730378563e6
5.754399373371567e10	1.9215698838917755e6
5.821032177708722e10	2.0371460596618995e6
5.888436553555884e10	2.1596509786551506e6
5.956621435290109e10	2.2895284302951335e6
6.0255958607435936e10	2.4272223310235864e6
6.095368972401694e10	2.573203378715854e6
6.1659500186148094e10	2.727970606615637e6
6.237348354824191e10	2.891588906238292e6
6.3095734448019424e10	3.0650007388565675e6
6.3826348619054825e10	3.2488228439607723e6
6.456542290346562e10	3.4436805997406063e6
6.531305526474716e10	3.65023697111398e6
6.606934480075964e10	3.869194756230983e6
6.683439175686135e10	4.1006248581670104e6
6.760829753919819e10	4.345887311636535e6
6.839116472814307e10	4.605837132119768e6
6.918309709189363e10	4.88135454207167e6
6.998419960022745e10	5.173372469664254e6
7.079457843841373e10	5.482880000642984e6
7.161434102129027e10	5.809946203447291e6
7.244359600749892e10	6.156533510934071e6
7.328245331389044e10	6.523825135459787e6
7.413102413009192e10	6.913058708541941e6
7.498942093324559e10	7.325546114962116e6
7.58577575029182e10	7.762668991991764e6
7.673614893618185e10	8.224504773128495e6
7.762471166286928e10	8.713859847309863e6
7.85235634610071e10	9.232375181571677e6
7.943282347242822e10	9.78179025422604e6
8.035261221856194e10	1.0363947670794327e7
8.128305161640996e10	1.098074475322704e7
8.222426499470695e10	1.1632353100489108e7
8.317637711026709e10	1.2322691731140247e7
8.413951416451965e10	1.3054064592034776e7
8.51138038202376e10	1.3828912712410476e7
8.609937521846016e10	1.4649822359750947e7
8.709635899560797e10	1.5519391537189336e7
8.810488730080147e10	1.6437953487870317e7
8.91250938133744e10	1.7410974313358173e7
9.01571137605957e10	1.8441685056361903e7
9.120108393559116e10	1.953350833266267e7
9.225714271547629e10	2.06900705965824e7
9.332543007969925e10	2.1914919366146997e7
9.440608762859225e10	2.3208655859301824e7
9.549925860214369e10	2.457889476628255e7
9.660508789898122e10	2.603016267551676e7
9.772372209558112e10	2.7567254045156866e7
9.88553094656941e10	2.919525762964035e7
1.e11	3.0918983368299797e7
1.0115794542598962e11	3.2739476649022177e7
1.0232929922807536e11	3.46673325037739e7
1.0351421666793452e11	3.670888537352514e7
1.0471285480508984e11	3.887082846836588e7
1.0592537251772897e11	4.116029387461558e7
1.0715193052376093e11	4.358382386352691e7
1.0839269140212039e11	4.614314551396484e7
1.0964781961431828e11	4.885298195624672e7
1.1091748152624008e11	5.172218683068398e7
1.1220184543019653e11	5.476013562040558e7
1.1350108156723143e11	5.7976750384664066e7
1.148153621496884e11	6.1380898541272946e7
1.1614486138403462e11	6.497539370471694e7
1.1748975549395303e11	6.878066846565567e7
1.1885022274370164e11	7.280911206831655e7
1.2022644346174132e11	7.707374894383487e7
1.2161860006463704e11	8.158845592890917e7
1.2302687708123811e11	8.636513890076779e7
1.2445146117713818e11	9.140836775889125e7
1.2589254117941661e11	9.674642688835606e7
1.2735030810166629e11	1.0239654443648645e8
1.2882495516931323e11	1.0837695334551072e8
1.3031667784523e11	1.1470694974462354e8
1.31825673855641e11	1.2140254853277214e8
1.333521432163324e11	1.2847083830456689e8
1.3489628825916505e11	1.359510107995066e8
1.3645831365889238e11	1.4386704567053357e8
1.3803842646028867e11	1.5224431515490392e8
1.3963683610559363e11	1.6110966457026392e8
1.4125375446227554e11	1.7048446345213282e8
1.4288939585111066e11	1.8037973923710725e8
1.445439770745928e11	1.9084965126177078e8
1.4621771744567154e11	2.0192752180906555e8
1.479108388168207e11	2.1364860050689566e8
1.4962356560944357e11	2.2605017121348536e8
1.5135612484362073e11	2.3916057472960165e8
1.531087461682032e11	2.5299680448695543e8
1.548816618912486e11	2.6763357646879452e8
1.56675107010815e11	2.831171120072049e8
1.5848931924611108e11	2.994962917411881e8
1.6032453906900418e11	3.168228053072934e8
1.621810097358933e11	3.351339843017356e8
1.640589773199539e11	3.5445577317787695e8
1.659586907437556e11	3.748910654135543e8
1.678804018122559e11	3.9650385078735334e8
1.698243652461746e11	4.193617821017841e8
1.7179083871575858e11	4.4353636490848345e8
1.7378008287493762e11	4.690763764480604e8
1.7579236139586966e11	4.9602111568581986e8
1.7782794100389227e11	5.245120119731713e8
1.7988709151287836e11	5.546374597182382e8
1.8197008586099826e11	5.864908739556987e8
1.840772001468958e11	6.20170972820258e8
1.8620871366628656e11	6.557408450781165e8
1.883649089489802e11	6.932596077862473e8
1.9054607179632523e11	7.329212462682506e8
1.9275249131909366e11	7.748475719816288e8
1.9498445997580414e11	8.191672640119376e8
1.9724227361148535e11	8.660162485598954e8
1.9952623149688828e11	9.154751336500325e8
2.0183663636815598e11	9.676322735796307e8
2.0417379446695316e11	1.0227531422706965e9
2.0653801558105356e11	1.0810051381433353e9
2.0892961308540408e11	1.1425650217343726e9
2.1134890398366434e11	1.2076194316130433e9
2.1379620895022324e11	1.2762697471939647e9
2.1627185237270245e11	1.3486472665442617e9
2.1877616239495517e11	1.425114351459171e9
2.213094709605632e11	1.505900352158218e9
2.238721138568347e11	1.5912473177829447e9
2.2646443075930618e11	1.6814107007140834e9
2.29086765276777e11	1.776515392257809e9
2.3173946499684796e11	1.8767554564559004e9
2.3442288153199274e11	1.9826240952059755e9
2.3713737056616553e11	2.094434423568616e9
2.398832919019485e11	2.2125167305571527e9
2.4266100950824142e11	2.337219384559572e9
2.4547089156850336e11	2.4686917083271246e9
2.483133105295568e11	2.607219500567284e9
2.5118864315095822e11	2.7534716581702113e9
2.5409727055493115e11	2.907873979491541e9
2.5703957827688647e11	3.0708753121890063e9
2.6001595631652667e11	3.2429487764723983e9
2.6302679918953815e11	3.4242661228743553e9
2.660725059798814e11	3.615244992693416e9
2.691534803926914e11	3.8167897787977633e9
2.7227013080779156e11	4.0294768503666534e9
2.7542287033381744e11	4.2539126445837946e9
2.7861211686297723e11	4.490737917576799e9
2.8183829312644495e11	4.740136642740076e9
2.85101826750391e11	5.002717126284842e9
2.8840315031266113e11	5.279696657772549e9
2.917427014001166e11	5.571851247225294e9
2.951209226666378e11	5.879997620451405e9
2.9853826189179694e11	6.204995107168143e9
3.019951720402019e11	6.54701921930058e9
3.054921113215509e11	6.906951899809009e9
3.090295432513592e11	7.286423609415372e9
3.1260793671239624e11	7.686472545046956e9
3.1622776601683795e11	8.108190226590452e9
3.1988951096913904e11	8.552724025429745e9
3.235936569296281e11	9.020196252473059e9
3.273406948788386e11	9.511879796263353e9
3.3113112148259076e11	1.0029945993914572e10
3.3496543915782794e11	1.057577344442924e10
3.388441561392034e11	1.115080968544858e10
3.4276778654645044e11	1.1756574381317926e10
3.4673685045253094e11	1.2393055373618454e10
3.5075187395256793e11	1.3062081320494148e10
3.5481338923357605e11	1.3766524327112816e10
3.58921934645005e11	1.4508198298802238e10
3.6307805477010175e11	1.5289004925305473e10
3.6728230049808575e11	1.6110937972966099e10
3.715352290971728e11	1.6973706777117887e10
3.7583740428844354e11	1.787992856490312e10
3.801893963205613e11	1.8833367372501568e10
3.845917820453543e11	1.983638506819083e10
3.8904514499428046e11	2.0891450966579082e10
3.935500754557764e11	2.2001148200979225e10
3.9810717055349854e11	2.3164665279313454e10
4.027170343254595e11	2.4385722006963707e10
4.073802778041122e11	2.5669213979227303e10
4.120975190973304e11	2.7018167423003063e10
4.1686938347033636e11	2.8435741317812965e10
4.216965034285823e11	2.992523206594627e10
4.265795188015917e11	3.1484899479769245e10
4.31519076827765e11	3.3120009704436237e10
4.3651583224016656e11	3.4836842067631424e10
4.415704473533121e11	3.6639206596228264e10
4.466835921509635e11	3.853106731888039e10
4.518559443749235e11	4.051654630250656e10
4.570881896148752e11	4.259230737319097e10
4.623810213992594e11	4.476576416190164e10
4.677351412871981e11	4.7054177187381676e10
4.7315125896148126e11	4.944365956145913e10
4.78630092322638e11	5.194590556018451e10
4.841723675840999e11	5.456552203914885e10
4.8977881936844763e11	5.730723988147583e10
4.954501908047905e11	6.01759106756817e10
5.011872336272715e11	6.31765024292744e10
5.0699070827470447e11	6.631409421177331e10
5.1286138399136584e11	6.959386960124202e10
5.1880003892896094e11	7.302110880571071e10
5.2480746024977124e11	7.66011788699288e10
5.308844442309901e11	8.03395244122207e10
5.3703179637025323e11	8.424165227891684e10
5.432503314924325e11	8.831311844556427e10
5.495408738576248e11	9.255951054455554e10
5.559042572704049e11	9.69864285279716e10
5.623413251903491e11	1.0159946250799864e11
5.688529308438401e11	1.0640416774296803e11
5.754399373371566e11	1.1140603629452719e11
5.821032177708722e11	1.1661046528117325e11
5.888436553555884e11	1.2202272113794255e11
5.95662143529011e11	1.2764789956815106e11
6.025595860743594e11	1.3349088091763676e11
6.095368972401693e11	1.3955628033572943e11
6.16595001861481e11	1.4584839253484766e11
6.237348354824192e11	1.523711300628351e11
6.309573444801943e11	1.5912795524642822e11
6.382634861905482e11	1.6612180468716818e11
6.456542290346562e11	1.7335500576771713e11
6.531305526474742e11	1.8082918453282394e11
6.606934480075964e11	1.885451640715554e11
6.683439175686135e11	1.9650285255402353e11
6.760829753919819e11	2.047011202172043e11
6.839116472814307e11	2.131376636982515e11
6.918309709189363e11	2.2180885772431796e11
6.998419960022716e11	2.3070959155556815e11
7.079457843841403e11	2.398331157878381e11
7.161434102129027e11	2.49170745995121e11
7.244359600749891e11	2.587117965300663e11
7.328245331389044e11	2.6844325450608023e11
7.413102413009192e11	2.7834952142614856e11
7.498942093324558e11	2.8841217160042664e11
7.58577575029182e11	2.986096201168834e11
7.673614893618186e11	3.0891679504264874e11
7.762471166286927e11	3.1930477280671344e11
7.85235634610071e11	3.2974038106278864e11
7.943282347242821e11	3.401857650457935e11
8.035261221856194e11	3.505980893866074e11
8.128305161640995e11	3.6092834341444336e11
8.222426499470696e11	3.711217881257392e11
8.317637711026709e11	3.81116687775673e11
8.413951416451964e11	3.9084381111416504e11
8.511380382023759e11	4.002257139563043e11
8.609937521846017e11	4.0917595747127386e11
8.709635899560833e11	4.1759826075707886e11
8.810488730080146e11	4.253855800379518e11
8.91250938133744e11	4.3241910928729376e11
9.01571137605957e11	4.385671957762324e11
9.120108393559115e11	4.436841636775822e11
9.225714271547628e11	4.4760903828259875e11
9.332543007969886e11	4.501641628255886e11
9.440608762859265e11	4.5115369928756116e11
9.549925860214369e11	4.5036200384190576e11
9.660508789898121e11	4.4755186089949133e11
9.772372209558112e11	4.4246260090757623e11
9.885530946569412e11	4.348080010724525e11
1.e12	4.242740742307318e11
